0.00000 0.00000 0.00000
0.00000 1.98971 1.98971
1.98971 0.00000 1.98971
1.98971 1.98971 0.00000
0.00000 0.00000 3.97941
3.97941 0.00000 0.00000
0.00000 3.97941 0.00000
0.00000 1.98971 5.96912
3.97941 1.98971 1.98971
0.00000 5.96912 1.98971
1.98971 0.00000 5.96912
5.96912 0.00000 1.98971
1.98971 3.97941 1.98971
1.98971 1.98971 3.97941
5.96912 1.98971 0.00000
1.98971 5.96912 0.00000
0.00000 3.97941 3.97941
3.97941 0.00000 3.97941
3.97941 3.97941 0.00000
0.00000 5.96912 5.96912
3.97941 1.98971 5.96912
3.97941 5.96912 1.98971
1.98971 3.97941 5.96912
5.96912 0.00000 5.96912
5.96912 3.97941 1.98971
1.98971 5.96912 3.97941
5.96912 1.98971 3.97941
5.96912 5.96912 0.00000
3.97941 3.97941 3.97941
3.97941 5.96912 5.96912
5.96912 3.97941 5.96912
5.96912 5.96912 3.97941
