ii
1 1 1 1 0.09810295192888396
1 1 1 2 0
1 1 1 3 0
1 2 1 1 0
1 2 1 2 0.09810295192888396
1 2 1 3 0
1 3 1 1 0
1 3 1 2 0
1 3 1 3 0.09810295192888396
2 1 2 1 0.09810295192888396
2 1 2 2 0
2 1 2 3 0
2 2 2 1 0
2 2 2 2 0.09810295192888396
2 2 2 3 0
2 3 2 1 0
2 3 2 2 0
2 3 2 3 0.09810295192888396
3 1 3 1 0.09810295192888396
3 1 3 2 0
3 1 3 3 0
3 2 3 1 0
3 2 3 2 0.09810295192888396
3 2 3 3 0
3 3 3 1 0
3 3 3 2 0
3 3 3 3 0.09810295192888396
4 1 4 1 0.09810295192888396
4 1 4 2 0
4 1 4 3 0
4 2 4 1 0
4 2 4 2 0.09810295192888396
4 2 4 3 0
4 3 4 1 0
4 3 4 2 0
4 3 4 3 0.09810295192888396
5 1 5 1 0.09810295192888396
5 1 5 2 0
5 1 5 3 0
5 2 5 1 0
5 2 5 2 0.09810295192888396
5 2 5 3 0
5 3 5 1 0
5 3 5 2 0
5 3 5 3 0.09810295192888396
6 1 6 1 0.09810295192888396
6 1 6 2 0
6 1 6 3 0
6 2 6 1 0
6 2 6 2 0.09810295192888396
6 2 6 3 0
6 3 6 1 0
6 3 6 2 0
6 3 6 3 0.09810295192888396
7 1 7 1 0.09810295192888396
7 1 7 2 0
7 1 7 3 0
7 2 7 1 0
7 2 7 2 0.09810295192888396
7 2 7 3 0
7 3 7 1 0
7 3 7 2 0
7 3 7 3 0.09810295192888396
8 1 8 1 0.09810295192888396
8 1 8 2 0
8 1 8 3 0
8 2 8 1 0
8 2 8 2 0.09810295192888396
8 2 8 3 0
8 3 8 1 0
8 3 8 2 0
8 3 8 3 0.09810295192888396
9 1 9 1 0.09810295192888396
9 1 9 2 0
9 1 9 3 0
9 2 9 1 0
9 2 9 2 0.09810295192888396
9 2 9 3 0
9 3 9 1 0
9 3 9 2 0
9 3 9 3 0.09810295192888396
10 1 10 1 0.09810295192888396
10 1 10 2 0
10 1 10 3 0
10 2 10 1 0
10 2 10 2 0.09810295192888396
10 2 10 3 0
10 3 10 1 0
10 3 10 2 0
10 3 10 3 0.09810295192888396
11 1 11 1 0.09810295192888396
11 1 11 2 0
11 1 11 3 0
11 2 11 1 0
11 2 11 2 0.09810295192888396
11 2 11 3 0
11 3 11 1 0
11 3 11 2 0
11 3 11 3 0.09810295192888396
12 1 12 1 0.09810295192888396
12 1 12 2 0
12 1 12 3 0
12 2 12 1 0
12 2 12 2 0.09810295192888396
12 2 12 3 0
12 3 12 1 0
12 3 12 2 0
12 3 12 3 0.09810295192888396
13 1 13 1 0.09810295192888396
13 1 13 2 0
13 1 13 3 0
13 2 13 1 0
13 2 13 2 0.09810295192888396
13 2 13 3 0
13 3 13 1 0
13 3 13 2 0
13 3 13 3 0.09810295192888396
14 1 14 1 0.09810295192888396
14 1 14 2 0
14 1 14 3 0
14 2 14 1 0
14 2 14 2 0.09810295192888396
14 2 14 3 0
14 3 14 1 0
14 3 14 2 0
14 3 14 3 0.09810295192888396
15 1 15 1 0.09810295192888396
15 1 15 2 0
15 1 15 3 0
15 2 15 1 0
15 2 15 2 0.09810295192888396
15 2 15 3 0
15 3 15 1 0
15 3 15 2 0
15 3 15 3 0.09810295192888396
16 1 16 1 0.09810295192888396
16 1 16 2 0
16 1 16 3 0
16 2 16 1 0
16 2 16 2 0.09810295192888396
16 2 16 3 0
16 3 16 1 0
16 3 16 2 0
16 3 16 3 0.09810295192888396
17 1 17 1 0.09810295192888396
17 1 17 2 0
17 1 17 3 0
17 2 17 1 0
17 2 17 2 0.09810295192888396
17 2 17 3 0
17 3 17 1 0
17 3 17 2 0
17 3 17 3 0.09810295192888396
18 1 18 1 0.09810295192888396
18 1 18 2 0
18 1 18 3 0
18 2 18 1 0
18 2 18 2 0.09810295192888396
18 2 18 3 0
18 3 18 1 0
18 3 18 2 0
18 3 18 3 0.09810295192888396
19 1 19 1 0.09810295192888396
19 1 19 2 0
19 1 19 3 0
19 2 19 1 0
19 2 19 2 0.09810295192888396
19 2 19 3 0
19 3 19 1 0
19 3 19 2 0
19 3 19 3 0.09810295192888396
20 1 20 1 0.09810295192888396
20 1 20 2 0
20 1 20 3 0
20 2 20 1 0
20 2 20 2 0.09810295192888396
20 2 20 3 0
20 3 20 1 0
20 3 20 2 0
20 3 20 3 0.09810295192888396
21 1 21 1 0.09810295192888396
21 1 21 2 0
21 1 21 3 0
21 2 21 1 0
21 2 21 2 0.09810295192888396
21 2 21 3 0
21 3 21 1 0
21 3 21 2 0
21 3 21 3 0.09810295192888396
22 1 22 1 0.09810295192888396
22 1 22 2 0
22 1 22 3 0
22 2 22 1 0
22 2 22 2 0.09810295192888396
22 2 22 3 0
22 3 22 1 0
22 3 22 2 0
22 3 22 3 0.09810295192888396
23 1 23 1 0.09810295192888396
23 1 23 2 0
23 1 23 3 0
23 2 23 1 0
23 2 23 2 0.09810295192888396
23 2 23 3 0
23 3 23 1 0
23 3 23 2 0
23 3 23 3 0.09810295192888396
24 1 24 1 0.09810295192888396
24 1 24 2 0
24 1 24 3 0
24 2 24 1 0
24 2 24 2 0.09810295192888396
24 2 24 3 0
24 3 24 1 0
24 3 24 2 0
24 3 24 3 0.09810295192888396
25 1 25 1 0.09810295192888396
25 1 25 2 0
25 1 25 3 0
25 2 25 1 0
25 2 25 2 0.09810295192888396
25 2 25 3 0
25 3 25 1 0
25 3 25 2 0
25 3 25 3 0.09810295192888396
26 1 26 1 0.09810295192888396
26 1 26 2 0
26 1 26 3 0
26 2 26 1 0
26 2 26 2 0.09810295192888396
26 2 26 3 0
26 3 26 1 0
26 3 26 2 0
26 3 26 3 0.09810295192888396
27 1 27 1 0.09810295192888396
27 1 27 2 0
27 1 27 3 0
27 2 27 1 0
27 2 27 2 0.09810295192888396
27 2 27 3 0
27 3 27 1 0
27 3 27 2 0
27 3 27 3 0.09810295192888396
28 1 28 1 0.09810295192888396
28 1 28 2 0
28 1 28 3 0
28 2 28 1 0
28 2 28 2 0.09810295192888396
28 2 28 3 0
28 3 28 1 0
28 3 28 2 0
28 3 28 3 0.09810295192888396
29 1 29 1 0.09810295192888396
29 1 29 2 0
29 1 29 3 0
29 2 29 1 0
29 2 29 2 0.09810295192888396
29 2 29 3 0
29 3 29 1 0
29 3 29 2 0
29 3 29 3 0.09810295192888396
30 1 30 1 0.09810295192888396
30 1 30 2 0
30 1 30 3 0
30 2 30 1 0
30 2 30 2 0.09810295192888396
30 2 30 3 0
30 3 30 1 0
30 3 30 2 0
30 3 30 3 0.09810295192888396
31 1 31 1 0.09810295192888396
31 1 31 2 0
31 1 31 3 0
31 2 31 1 0
31 2 31 2 0.09810295192888396
31 2 31 3 0
31 3 31 1 0
31 3 31 2 0
31 3 31 3 0.09810295192888396
32 1 32 1 0.09810295192888396
32 1 32 2 0
32 1 32 3 0
32 2 32 1 0
32 2 32 2 0.09810295192888396
32 2 32 3 0
32 3 32 1 0
32 3 32 2 0
32 3 32 3 0.09810295192888396
