ij
1 1 20 1 0.001788302319238295
1 1 20 2 0
1 1 20 3 0
1 2 20 1 0
1 2 20 2 -0.01294297620657385
1 2 20 3 -0.01321776996240631
1 3 20 1 0
1 3 20 2 -0.01321776996240631
1 3 20 3 -0.01294297620657385
1 1 24 1 -0.01294297620657385
1 1 24 2 0
1 1 24 3 -0.01321776996240631
1 2 24 1 0
1 2 24 2 0.001788302319238295
1 2 24 3 0
1 3 24 1 -0.01321776996240631
1 3 24 2 0
1 3 24 3 -0.01294297620657385
1 1 11 1 -0.01294297620657385
1 1 11 2 0
1 1 11 3 0.01321776996240631
1 2 11 1 0
1 2 11 2 0.001788302319238295
1 2 11 3 0
1 3 11 1 0.01321776996240631
1 3 11 2 0
1 3 11 3 -0.01294297620657385
1 1 8 1 0.001788302319238295
1 1 8 2 0
1 1 8 3 0
1 2 8 1 0
1 2 8 2 -0.01294297620657385
1 2 8 3 0.01321776996240631
1 3 8 1 0
1 3 8 2 0.01321776996240631
1 3 8 3 -0.01294297620657385
1 1 28 1 -0.01294297620657385
1 1 28 2 -0.01321776996240631
1 1 28 3 0
1 2 28 1 -0.01321776996240631
1 2 28 2 -0.01294297620657385
1 2 28 3 0
1 3 28 1 0
1 3 28 2 0
1 3 28 3 0.001788302319238295
1 1 16 1 -0.01294297620657385
1 1 16 2 0.01321776996240631
1 1 16 3 0
1 2 16 1 0.01321776996240631
1 2 16 2 -0.01294297620657385
1 2 16 3 0
1 3 16 1 0
1 3 16 2 0
1 3 16 3 0.001788302319238295
1 1 15 1 -0.01294297620657385
1 1 15 2 0.01321776996240631
1 1 15 3 0
1 2 15 1 0.01321776996240631
1 2 15 2 -0.01294297620657385
1 2 15 3 0
1 3 15 1 0
1 3 15 2 0
1 3 15 3 0.001788302319238295
1 1 4 1 -0.01294297620657385
1 1 4 2 -0.01321776996240631
1 1 4 3 0
1 2 4 1 -0.01321776996240631
1 2 4 2 -0.01294297620657385
1 2 4 3 0
1 3 4 1 0
1 3 4 2 0
1 3 4 3 0.001788302319238295
1 1 10 1 0.001788302319238295
1 1 10 2 0
1 1 10 3 0
1 2 10 1 0
1 2 10 2 -0.01294297620657385
1 2 10 3 0.01321776996240631
1 3 10 1 0
1 3 10 2 0.01321776996240631
1 3 10 3 -0.01294297620657385
1 1 12 1 -0.01294297620657385
1 1 12 2 0
1 1 12 3 0.01321776996240631
1 2 12 1 0
1 2 12 2 0.001788302319238295
1 2 12 3 0
1 3 12 1 0.01321776996240631
1 3 12 2 0
1 3 12 3 -0.01294297620657385
1 1 3 1 -0.01294297620657385
1 1 3 2 0
1 1 3 3 -0.01321776996240631
1 2 3 1 0
1 2 3 2 0.001788302319238295
1 2 3 3 0
1 3 3 1 -0.01321776996240631
1 3 3 2 0
1 3 3 3 -0.01294297620657385
1 1 2 1 0.001788302319238295
1 1 2 2 0
1 1 2 3 0
1 2 2 1 0
1 2 2 2 -0.01294297620657385
1 2 2 3 -0.01321776996240631
1 3 2 1 0
1 3 2 2 -0.01321776996240631
1 3 2 3 -0.01294297620657385
6 1 30 1 0.001788302319238295
6 1 30 2 0
6 1 30 3 0
6 2 30 1 0
6 2 30 2 -0.01294297620657385
6 2 30 3 -0.01321776996240631
6 3 30 1 0
6 3 30 2 -0.01321776996240631
6 3 30 3 -0.01294297620657385
6 1 11 1 -0.01294297620657385
6 1 11 2 0
6 1 11 3 -0.01321776996240631
6 2 11 1 0
6 2 11 2 0.001788302319238295
6 2 11 3 0
6 3 11 1 -0.01321776996240631
6 3 11 2 0
6 3 11 3 -0.01294297620657385
6 1 24 1 -0.01294297620657385
6 1 24 2 0
6 1 24 3 0.01321776996240631
6 2 24 1 0
6 2 24 2 0.001788302319238295
6 2 24 3 0
6 3 24 1 0.01321776996240631
6 3 24 2 0
6 3 24 3 -0.01294297620657385
6 1 21 1 0.001788302319238295
6 1 21 2 0
6 1 21 3 0
6 2 21 1 0
6 2 21 2 -0.01294297620657385
6 2 21 3 0.01321776996240631
6 3 21 1 0
6 3 21 2 0.01321776996240631
6 3 21 3 -0.01294297620657385
6 1 16 1 -0.01294297620657385
6 1 16 2 -0.01321776996240631
6 1 16 3 0
6 2 16 1 -0.01321776996240631
6 2 16 2 -0.01294297620657385
6 2 16 3 0
6 3 16 1 0
6 3 16 2 0
6 3 16 3 0.001788302319238295
6 1 28 1 -0.01294297620657385
6 1 28 2 0.01321776996240631
6 1 28 3 0
6 2 28 1 0.01321776996240631
6 2 28 2 -0.01294297620657385
6 2 28 3 0
6 3 28 1 0
6 3 28 2 0
6 3 28 3 0.001788302319238295
6 1 4 1 -0.01294297620657385
6 1 4 2 0.01321776996240631
6 1 4 3 0
6 2 4 1 0.01321776996240631
6 2 4 2 -0.01294297620657385
6 2 4 3 0
6 3 4 1 0
6 3 4 2 0
6 3 4 3 0.001788302319238295
6 1 15 1 -0.01294297620657385
6 1 15 2 -0.01321776996240631
6 1 15 3 0
6 2 15 1 -0.01321776996240631
6 2 15 2 -0.01294297620657385
6 2 15 3 0
6 3 15 1 0
6 3 15 2 0
6 3 15 3 0.001788302319238295
6 1 22 1 0.001788302319238295
6 1 22 2 0
6 1 22 3 0
6 2 22 1 0
6 2 22 2 -0.01294297620657385
6 2 22 3 0.01321776996240631
6 3 22 1 0
6 3 22 2 0.01321776996240631
6 3 22 3 -0.01294297620657385
6 1 3 1 -0.01294297620657385
6 1 3 2 0
6 1 3 3 0.01321776996240631
6 2 3 1 0
6 2 3 2 0.001788302319238295
6 2 3 3 0
6 3 3 1 0.01321776996240631
6 3 3 2 0
6 3 3 3 -0.01294297620657385
6 1 12 1 -0.01294297620657385
6 1 12 2 0
6 1 12 3 -0.01321776996240631
6 2 12 1 0
6 2 12 2 0.001788302319238295
6 2 12 3 0
6 3 12 1 -0.01321776996240631
6 3 12 2 0
6 3 12 3 -0.01294297620657385
6 1 9 1 0.001788302319238295
6 1 9 2 0
6 1 9 3 0
6 2 9 1 0
6 2 9 2 -0.01294297620657385
6 2 9 3 -0.01321776996240631
6 3 9 1 0
6 3 9 2 -0.01321776996240631
6 3 9 3 -0.01294297620657385
4 1 11 1 0.001788302319238295
4 1 11 2 0
4 1 11 3 0
4 2 11 1 0
4 2 11 2 -0.01294297620657385
4 2 11 3 -0.01321776996240631
4 3 11 1 0
4 3 11 2 -0.01321776996240631
4 3 11 3 -0.01294297620657385
4 1 8 1 -0.01294297620657385
4 1 8 2 0
4 1 8 3 -0.01321776996240631
4 2 8 1 0
4 2 8 2 0.001788302319238295
4 2 8 3 0
4 3 8 1 -0.01321776996240631
4 3 8 2 0
4 3 8 3 -0.01294297620657385
4 1 21 1 -0.01294297620657385
4 1 21 2 0
4 1 21 3 0.01321776996240631
4 2 21 1 0
4 2 21 2 0.001788302319238295
4 2 21 3 0
4 3 21 1 0.01321776996240631
4 3 21 2 0
4 3 21 3 -0.01294297620657385
4 1 23 1 0.001788302319238295
4 1 23 2 0
4 1 23 3 0
4 2 23 1 0
4 2 23 2 -0.01294297620657385
4 2 23 3 0.01321776996240631
4 3 23 1 0
4 3 23 2 0.01321776996240631
4 3 23 3 -0.01294297620657385
4 1 1 1 -0.01294297620657385
4 1 1 2 -0.01321776996240631
4 1 1 3 0
4 2 1 1 -0.01321776996240631
4 2 1 2 -0.01294297620657385
4 2 1 3 0
4 3 1 1 0
4 3 1 2 0
4 3 1 3 0.001788302319238295
4 1 6 1 -0.01294297620657385
4 1 6 2 0.01321776996240631
4 1 6 3 0
4 2 6 1 0.01321776996240631
4 2 6 2 -0.01294297620657385
4 2 6 3 0
4 3 6 1 0
4 3 6 2 0
4 3 6 3 0.001788302319238295
4 1 7 1 -0.01294297620657385
4 1 7 2 0.01321776996240631
4 1 7 3 0
4 2 7 1 0.01321776996240631
4 2 7 2 -0.01294297620657385
4 2 7 3 0
4 3 7 1 0
4 3 7 2 0
4 3 7 3 0.001788302319238295
4 1 19 1 -0.01294297620657385
4 1 19 2 -0.01321776996240631
4 1 19 3 0
4 2 19 1 -0.01321776996240631
4 2 19 2 -0.01294297620657385
4 2 19 3 0
4 3 19 1 0
4 3 19 2 0
4 3 19 3 0.001788302319238295
4 1 3 1 0.001788302319238295
4 1 3 2 0
4 1 3 3 0
4 2 3 1 0
4 2 3 2 -0.01294297620657385
4 2 3 3 0.01321776996240631
4 3 3 1 0
4 3 3 2 0.01321776996240631
4 3 3 3 -0.01294297620657385
4 1 2 1 -0.01294297620657385
4 1 2 2 0
4 1 2 3 0.01321776996240631
4 2 2 1 0
4 2 2 2 0.001788302319238295
4 2 2 3 0
4 3 2 1 0.01321776996240631
4 3 2 2 0
4 3 2 3 -0.01294297620657385
4 1 9 1 -0.01294297620657385
4 1 9 2 0
4 1 9 3 -0.01321776996240631
4 2 9 1 0
4 2 9 2 0.001788302319238295
4 2 9 3 0
4 3 9 1 -0.01321776996240631
4 3 9 2 0
4 3 9 3 -0.01294297620657385
4 1 13 1 0.001788302319238295
4 1 13 2 0
4 1 13 3 0
4 2 13 1 0
4 2 13 2 -0.01294297620657385
4 2 13 3 -0.01321776996240631
4 3 13 1 0
4 3 13 2 -0.01321776996240631
4 3 13 3 -0.01294297620657385
15 1 24 1 0.001788302319238295
15 1 24 2 0
15 1 24 3 0
15 2 24 1 0
15 2 24 2 -0.01294297620657385
15 2 24 3 -0.01321776996240631
15 3 24 1 0
15 3 24 2 -0.01321776996240631
15 3 24 3 -0.01294297620657385
15 1 21 1 -0.01294297620657385
15 1 21 2 0
15 1 21 3 -0.01321776996240631
15 2 21 1 0
15 2 21 2 0.001788302319238295
15 2 21 3 0
15 3 21 1 -0.01321776996240631
15 3 21 2 0
15 3 21 3 -0.01294297620657385
15 1 8 1 -0.01294297620657385
15 1 8 2 0
15 1 8 3 0.01321776996240631
15 2 8 1 0
15 2 8 2 0.001788302319238295
15 2 8 3 0
15 3 8 1 0.01321776996240631
15 3 8 2 0
15 3 8 3 -0.01294297620657385
15 1 31 1 0.001788302319238295
15 1 31 2 0
15 1 31 3 0
15 2 31 1 0
15 2 31 2 -0.01294297620657385
15 2 31 3 0.01321776996240631
15 3 31 1 0
15 3 31 2 0.01321776996240631
15 3 31 3 -0.01294297620657385
15 1 6 1 -0.01294297620657385
15 1 6 2 -0.01321776996240631
15 1 6 3 0
15 2 6 1 -0.01321776996240631
15 2 6 2 -0.01294297620657385
15 2 6 3 0
15 3 6 1 0
15 3 6 2 0
15 3 6 3 0.001788302319238295
15 1 1 1 -0.01294297620657385
15 1 1 2 0.01321776996240631
15 1 1 3 0
15 2 1 1 0.01321776996240631
15 2 1 2 -0.01294297620657385
15 2 1 3 0
15 3 1 1 0
15 3 1 2 0
15 3 1 3 0.001788302319238295
15 1 19 1 -0.01294297620657385
15 1 19 2 0.01321776996240631
15 1 19 3 0
15 2 19 1 0.01321776996240631
15 2 19 2 -0.01294297620657385
15 2 19 3 0
15 3 19 1 0
15 3 19 2 0
15 3 19 3 0.001788302319238295
15 1 7 1 -0.01294297620657385
15 1 7 2 -0.01321776996240631
15 1 7 3 0
15 2 7 1 -0.01321776996240631
15 2 7 2 -0.01294297620657385
15 2 7 3 0
15 3 7 1 0
15 3 7 2 0
15 3 7 3 0.001788302319238295
15 1 12 1 0.001788302319238295
15 1 12 2 0
15 1 12 3 0
15 2 12 1 0
15 2 12 2 -0.01294297620657385
15 2 12 3 0.01321776996240631
15 3 12 1 0
15 3 12 2 0.01321776996240631
15 3 12 3 -0.01294297620657385
15 1 9 1 -0.01294297620657385
15 1 9 2 0
15 1 9 3 0.01321776996240631
15 2 9 1 0
15 2 9 2 0.001788302319238295
15 2 9 3 0
15 3 9 1 0.01321776996240631
15 3 9 2 0
15 3 9 3 -0.01294297620657385
15 1 2 1 -0.01294297620657385
15 1 2 2 0
15 1 2 3 -0.01321776996240631
15 2 2 1 0
15 2 2 2 0.001788302319238295
15 2 2 3 0
15 3 2 1 -0.01321776996240631
15 3 2 2 0
15 3 2 3 -0.01294297620657385
15 1 25 1 0.001788302319238295
15 1 25 2 0
15 1 25 3 0
15 2 25 1 0
15 2 25 2 -0.01294297620657385
15 2 25 3 -0.01321776996240631
15 3 25 1 0
15 3 25 2 -0.01321776996240631
15 3 25 3 -0.01294297620657385
7 1 8 1 0.001788302319238295
7 1 8 2 0
7 1 8 3 0
7 2 8 1 0
7 2 8 2 -0.01294297620657385
7 2 8 3 -0.01321776996240631
7 3 8 1 0
7 3 8 2 -0.01321776996240631
7 3 8 3 -0.01294297620657385
7 1 31 1 -0.01294297620657385
7 1 31 2 0
7 1 31 3 -0.01321776996240631
7 2 31 1 0
7 2 31 2 0.001788302319238295
7 2 31 3 0
7 3 31 1 -0.01321776996240631
7 3 31 2 0
7 3 31 3 -0.01294297620657385
7 1 23 1 -0.01294297620657385
7 1 23 2 0
7 1 23 3 0.01321776996240631
7 2 23 1 0
7 2 23 2 0.001788302319238295
7 2 23 3 0
7 3 23 1 0.01321776996240631
7 3 23 2 0
7 3 23 3 -0.01294297620657385
7 1 20 1 0.001788302319238295
7 1 20 2 0
7 1 20 3 0
7 2 20 1 0
7 2 20 2 -0.01294297620657385
7 2 20 3 0.01321776996240631
7 3 20 1 0
7 3 20 2 0.01321776996240631
7 3 20 3 -0.01294297620657385
7 1 15 1 -0.01294297620657385
7 1 15 2 -0.01321776996240631
7 1 15 3 0
7 2 15 1 -0.01321776996240631
7 2 15 2 -0.01294297620657385
7 2 15 3 0
7 3 15 1 0
7 3 15 2 0
7 3 15 3 0.001788302319238295
7 1 4 1 -0.01294297620657385
7 1 4 2 0.01321776996240631
7 1 4 3 0
7 2 4 1 0.01321776996240631
7 2 4 2 -0.01294297620657385
7 2 4 3 0
7 3 4 1 0
7 3 4 2 0
7 3 4 3 0.001788302319238295
7 1 28 1 -0.01294297620657385
7 1 28 2 0.01321776996240631
7 1 28 3 0
7 2 28 1 0.01321776996240631
7 2 28 2 -0.01294297620657385
7 2 28 3 0
7 3 28 1 0
7 3 28 2 0
7 3 28 3 0.001788302319238295
7 1 16 1 -0.01294297620657385
7 1 16 2 -0.01321776996240631
7 1 16 3 0
7 2 16 1 -0.01321776996240631
7 2 16 2 -0.01294297620657385
7 2 16 3 0
7 3 16 1 0
7 3 16 2 0
7 3 16 3 0.001788302319238295
7 1 2 1 0.001788302319238295
7 1 2 2 0
7 1 2 3 0
7 2 2 1 0
7 2 2 2 -0.01294297620657385
7 2 2 3 0.01321776996240631
7 3 2 1 0
7 3 2 2 0.01321776996240631
7 3 2 3 -0.01294297620657385
7 1 25 1 -0.01294297620657385
7 1 25 2 0
7 1 25 3 0.01321776996240631
7 2 25 1 0
7 2 25 2 0.001788302319238295
7 2 25 3 0
7 3 25 1 0.01321776996240631
7 3 25 2 0
7 3 25 3 -0.01294297620657385
7 1 13 1 -0.01294297620657385
7 1 13 2 0
7 1 13 3 -0.01321776996240631
7 2 13 1 0
7 2 13 2 0.001788302319238295
7 2 13 3 0
7 3 13 1 -0.01321776996240631
7 3 13 2 0
7 3 13 3 -0.01294297620657385
7 1 10 1 0.001788302319238295
7 1 10 2 0
7 1 10 3 0
7 2 10 1 0
7 2 10 2 -0.01294297620657385
7 2 10 3 -0.01321776996240631
7 3 10 1 0
7 3 10 2 -0.01321776996240631
7 3 10 3 -0.01294297620657385
19 1 21 1 0.001788302319238295
19 1 21 2 0
19 1 21 3 0
19 2 21 1 0
19 2 21 2 -0.01294297620657385
19 2 21 3 -0.01321776996240631
19 3 21 1 0
19 3 21 2 -0.01321776996240631
19 3 21 3 -0.01294297620657385
19 1 23 1 -0.01294297620657385
19 1 23 2 0
19 1 23 3 -0.01321776996240631
19 2 23 1 0
19 2 23 2 0.001788302319238295
19 2 23 3 0
19 3 23 1 -0.01321776996240631
19 3 23 2 0
19 3 23 3 -0.01294297620657385
19 1 31 1 -0.01294297620657385
19 1 31 2 0
19 1 31 3 0.01321776996240631
19 2 31 1 0
19 2 31 2 0.001788302319238295
19 2 31 3 0
19 3 31 1 0.01321776996240631
19 3 31 2 0
19 3 31 3 -0.01294297620657385
19 1 30 1 0.001788302319238295
19 1 30 2 0
19 1 30 3 0
19 2 30 1 0
19 2 30 2 -0.01294297620657385
19 2 30 3 0.01321776996240631
19 3 30 1 0
19 3 30 2 0.01321776996240631
19 3 30 3 -0.01294297620657385
19 1 4 1 -0.01294297620657385
19 1 4 2 -0.01321776996240631
19 1 4 3 0
19 2 4 1 -0.01321776996240631
19 2 4 2 -0.01294297620657385
19 2 4 3 0
19 3 4 1 0
19 3 4 2 0
19 3 4 3 0.001788302319238295
19 1 15 1 -0.01294297620657385
19 1 15 2 0.01321776996240631
19 1 15 3 0
19 2 15 1 0.01321776996240631
19 2 15 2 -0.01294297620657385
19 2 15 3 0
19 3 15 1 0
19 3 15 2 0
19 3 15 3 0.001788302319238295
19 1 16 1 -0.01294297620657385
19 1 16 2 0.01321776996240631
19 1 16 3 0
19 2 16 1 0.01321776996240631
19 2 16 2 -0.01294297620657385
19 2 16 3 0
19 3 16 1 0
19 3 16 2 0
19 3 16 3 0.001788302319238295
19 1 28 1 -0.01294297620657385
19 1 28 2 -0.01321776996240631
19 1 28 3 0
19 2 28 1 -0.01321776996240631
19 2 28 2 -0.01294297620657385
19 2 28 3 0
19 3 28 1 0
19 3 28 2 0
19 3 28 3 0.001788302319238295
19 1 9 1 0.001788302319238295
19 1 9 2 0
19 1 9 3 0
19 2 9 1 0
19 2 9 2 -0.01294297620657385
19 2 9 3 0.01321776996240631
19 3 9 1 0
19 3 9 2 0.01321776996240631
19 3 9 3 -0.01294297620657385
19 1 13 1 -0.01294297620657385
19 1 13 2 0
19 1 13 3 0.01321776996240631
19 2 13 1 0
19 2 13 2 0.001788302319238295
19 2 13 3 0
19 3 13 1 0.01321776996240631
19 3 13 2 0
19 3 13 3 -0.01294297620657385
19 1 25 1 -0.01294297620657385
19 1 25 2 0
19 1 25 3 -0.01321776996240631
19 2 25 1 0
19 2 25 2 0.001788302319238295
19 2 25 3 0
19 3 25 1 -0.01321776996240631
19 3 25 2 0
19 3 25 3 -0.01294297620657385
19 1 22 1 0.001788302319238295
19 1 22 2 0
19 1 22 3 0
19 2 22 1 0
19 2 22 2 -0.01294297620657385
19 2 22 3 -0.01321776996240631
19 3 22 1 0
19 3 22 2 -0.01321776996240631
19 3 22 3 -0.01294297620657385
16 1 23 1 0.001788302319238295
16 1 23 2 0
16 1 23 3 0
16 2 23 1 0
16 2 23 2 -0.01294297620657385
16 2 23 3 -0.01321776996240631
16 3 23 1 0
16 3 23 2 -0.01321776996240631
16 3 23 3 -0.01294297620657385
16 1 20 1 -0.01294297620657385
16 1 20 2 0
16 1 20 3 -0.01321776996240631
16 2 20 1 0
16 2 20 2 0.001788302319238295
16 2 20 3 0
16 3 20 1 -0.01321776996240631
16 3 20 2 0
16 3 20 3 -0.01294297620657385
16 1 30 1 -0.01294297620657385
16 1 30 2 0
16 1 30 3 0.01321776996240631
16 2 30 1 0
16 2 30 2 0.001788302319238295
16 2 30 3 0
16 3 30 1 0.01321776996240631
16 3 30 2 0
16 3 30 3 -0.01294297620657385
16 1 11 1 0.001788302319238295
16 1 11 2 0
16 1 11 3 0
16 2 11 1 0
16 2 11 2 -0.01294297620657385
16 2 11 3 0.01321776996240631
16 3 11 1 0
16 3 11 2 0.01321776996240631
16 3 11 3 -0.01294297620657385
16 1 7 1 -0.01294297620657385
16 1 7 2 -0.01321776996240631
16 1 7 3 0
16 2 7 1 -0.01321776996240631
16 2 7 2 -0.01294297620657385
16 2 7 3 0
16 3 7 1 0
16 3 7 2 0
16 3 7 3 0.001788302319238295
16 1 19 1 -0.01294297620657385
16 1 19 2 0.01321776996240631
16 1 19 3 0
16 2 19 1 0.01321776996240631
16 2 19 2 -0.01294297620657385
16 2 19 3 0
16 3 19 1 0
16 3 19 2 0
16 3 19 3 0.001788302319238295
16 1 1 1 -0.01294297620657385
16 1 1 2 0.01321776996240631
16 1 1 3 0
16 2 1 1 0.01321776996240631
16 2 1 2 -0.01294297620657385
16 2 1 3 0
16 3 1 1 0
16 3 1 2 0
16 3 1 3 0.001788302319238295
16 1 6 1 -0.01294297620657385
16 1 6 2 -0.01321776996240631
16 1 6 3 0
16 2 6 1 -0.01321776996240631
16 2 6 2 -0.01294297620657385
16 2 6 3 0
16 3 6 1 0
16 3 6 2 0
16 3 6 3 0.001788302319238295
16 1 13 1 0.001788302319238295
16 1 13 2 0
16 1 13 3 0
16 2 13 1 0
16 2 13 2 -0.01294297620657385
16 2 13 3 0.01321776996240631
16 3 13 1 0
16 3 13 2 0.01321776996240631
16 3 13 3 -0.01294297620657385
16 1 10 1 -0.01294297620657385
16 1 10 2 0
16 1 10 3 0.01321776996240631
16 2 10 1 0
16 2 10 2 0.001788302319238295
16 2 10 3 0
16 3 10 1 0.01321776996240631
16 3 10 2 0
16 3 10 3 -0.01294297620657385
16 1 22 1 -0.01294297620657385
16 1 22 2 0
16 1 22 3 -0.01321776996240631
16 2 22 1 0
16 2 22 2 0.001788302319238295
16 2 22 3 0
16 3 22 1 -0.01321776996240631
16 3 22 2 0
16 3 22 3 -0.01294297620657385
16 1 3 1 0.001788302319238295
16 1 3 2 0
16 1 3 3 0
16 2 3 1 0
16 2 3 2 -0.01294297620657385
16 2 3 3 -0.01321776996240631
16 3 3 1 0
16 3 3 2 -0.01321776996240631
16 3 3 3 -0.01294297620657385
28 1 31 1 0.001788302319238295
28 1 31 2 0
28 1 31 3 0
28 2 31 1 0
28 2 31 2 -0.01294297620657385
28 2 31 3 -0.01321776996240631
28 3 31 1 0
28 3 31 2 -0.01321776996240631
28 3 31 3 -0.01294297620657385
28 1 30 1 -0.01294297620657385
28 1 30 2 0
28 1 30 3 -0.01321776996240631
28 2 30 1 0
28 2 30 2 0.001788302319238295
28 2 30 3 0
28 3 30 1 -0.01321776996240631
28 3 30 2 0
28 3 30 3 -0.01294297620657385
28 1 20 1 -0.01294297620657385
28 1 20 2 0
28 1 20 3 0.01321776996240631
28 2 20 1 0
28 2 20 2 0.001788302319238295
28 2 20 3 0
28 3 20 1 0.01321776996240631
28 3 20 2 0
28 3 20 3 -0.01294297620657385
28 1 24 1 0.001788302319238295
28 1 24 2 0
28 1 24 3 0
28 2 24 1 0
28 2 24 2 -0.01294297620657385
28 2 24 3 0.01321776996240631
28 3 24 1 0
28 3 24 2 0.01321776996240631
28 3 24 3 -0.01294297620657385
28 1 19 1 -0.01294297620657385
28 1 19 2 -0.01321776996240631
28 1 19 3 0
28 2 19 1 -0.01321776996240631
28 2 19 2 -0.01294297620657385
28 2 19 3 0
28 3 19 1 0
28 3 19 2 0
28 3 19 3 0.001788302319238295
28 1 7 1 -0.01294297620657385
28 1 7 2 0.01321776996240631
28 1 7 3 0
28 2 7 1 0.01321776996240631
28 2 7 2 -0.01294297620657385
28 2 7 3 0
28 3 7 1 0
28 3 7 2 0
28 3 7 3 0.001788302319238295
28 1 6 1 -0.01294297620657385
28 1 6 2 0.01321776996240631
28 1 6 3 0
28 2 6 1 0.01321776996240631
28 2 6 2 -0.01294297620657385
28 2 6 3 0
28 3 6 1 0
28 3 6 2 0
28 3 6 3 0.001788302319238295
28 1 1 1 -0.01294297620657385
28 1 1 2 -0.01321776996240631
28 1 1 3 0
28 2 1 1 -0.01321776996240631
28 2 1 2 -0.01294297620657385
28 2 1 3 0
28 3 1 1 0
28 3 1 2 0
28 3 1 3 0.001788302319238295
28 1 25 1 0.001788302319238295
28 1 25 2 0
28 1 25 3 0
28 2 25 1 0
28 2 25 2 -0.01294297620657385
28 2 25 3 0.01321776996240631
28 3 25 1 0
28 3 25 2 0.01321776996240631
28 3 25 3 -0.01294297620657385
28 1 22 1 -0.01294297620657385
28 1 22 2 0
28 1 22 3 0.01321776996240631
28 2 22 1 0
28 2 22 2 0.001788302319238295
28 2 22 3 0
28 3 22 1 0.01321776996240631
28 3 22 2 0
28 3 22 3 -0.01294297620657385
28 1 10 1 -0.01294297620657385
28 1 10 2 0
28 1 10 3 -0.01321776996240631
28 2 10 1 0
28 2 10 2 0.001788302319238295
28 2 10 3 0
28 3 10 1 -0.01321776996240631
28 3 10 2 0
28 3 10 3 -0.01294297620657385
28 1 12 1 0.001788302319238295
28 1 12 2 0
28 1 12 3 0
28 2 12 1 0
28 2 12 2 -0.01294297620657385
28 2 12 3 -0.01321776996240631
28 3 12 1 0
28 3 12 2 -0.01321776996240631
28 3 12 3 -0.01294297620657385
3 1 16 1 0.001788302319238295
3 1 16 2 0
3 1 16 3 0
3 2 16 1 0
3 2 16 2 -0.01294297620657385
3 2 16 3 -0.01321776996240631
3 3 16 1 0
3 3 16 2 -0.01321776996240631
3 3 16 3 -0.01294297620657385
3 1 1 1 -0.01294297620657385
3 1 1 2 0
3 1 1 3 -0.01321776996240631
3 2 1 1 0
3 2 1 2 0.001788302319238295
3 2 1 3 0
3 3 1 1 -0.01321776996240631
3 3 1 2 0
3 3 1 3 -0.01294297620657385
3 1 6 1 -0.01294297620657385
3 1 6 2 0
3 1 6 3 0.01321776996240631
3 2 6 1 0
3 2 6 2 0.001788302319238295
3 2 6 3 0
3 3 6 1 0.01321776996240631
3 3 6 2 0
3 3 6 3 -0.01294297620657385
3 1 4 1 0.001788302319238295
3 1 4 2 0
3 1 4 3 0
3 2 4 1 0
3 2 4 2 -0.01294297620657385
3 2 4 3 0.01321776996240631
3 3 4 1 0
3 3 4 2 0.01321776996240631
3 3 4 3 -0.01294297620657385
3 1 10 1 -0.01294297620657385
3 1 10 2 -0.01321776996240631
3 1 10 3 0
3 2 10 1 -0.01321776996240631
3 2 10 2 -0.01294297620657385
3 2 10 3 0
3 3 10 1 0
3 3 10 2 0
3 3 10 3 0.001788302319238295
3 1 22 1 -0.01294297620657385
3 1 22 2 0.01321776996240631
3 1 22 3 0
3 2 22 1 0.01321776996240631
3 2 22 2 -0.01294297620657385
3 2 22 3 0
3 3 22 1 0
3 3 22 2 0
3 3 22 3 0.001788302319238295
3 1 2 1 -0.01294297620657385
3 1 2 2 0.01321776996240631
3 1 2 3 0
3 2 2 1 0.01321776996240631
3 2 2 2 -0.01294297620657385
3 2 2 3 0
3 3 2 1 0
3 3 2 2 0
3 3 2 3 0.001788302319238295
3 1 9 1 -0.01294297620657385
3 1 9 2 -0.01321776996240631
3 1 9 3 0
3 2 9 1 -0.01321776996240631
3 2 9 2 -0.01294297620657385
3 2 9 3 0
3 3 9 1 0
3 3 9 2 0
3 3 9 3 0.001788302319238295
3 1 26 1 0.001788302319238295
3 1 26 2 0
3 1 26 3 0
3 2 26 1 0
3 2 26 2 -0.01294297620657385
3 2 26 3 0.01321776996240631
3 3 26 1 0
3 3 26 2 0.01321776996240631
3 3 26 3 -0.01294297620657385
3 1 5 1 -0.01294297620657385
3 1 5 2 0
3 1 5 3 0.01321776996240631
3 2 5 1 0
3 2 5 2 0.001788302319238295
3 2 5 3 0
3 3 5 1 0.01321776996240631
3 3 5 2 0
3 3 5 3 -0.01294297620657385
3 1 18 1 -0.01294297620657385
3 1 18 2 0
3 1 18 3 -0.01321776996240631
3 2 18 1 0
3 2 18 2 0.001788302319238295
3 2 18 3 0
3 3 18 1 -0.01321776996240631
3 3 18 2 0
3 3 18 3 -0.01294297620657385
3 1 14 1 0.001788302319238295
3 1 14 2 0
3 1 14 3 0
3 2 14 1 0
3 2 14 2 -0.01294297620657385
3 2 14 3 -0.01321776996240631
3 3 14 1 0
3 3 14 2 -0.01321776996240631
3 3 14 3 -0.01294297620657385
12 1 28 1 0.001788302319238295
12 1 28 2 0
12 1 28 3 0
12 2 28 1 0
12 2 28 2 -0.01294297620657385
12 2 28 3 -0.01321776996240631
12 3 28 1 0
12 3 28 2 -0.01321776996240631
12 3 28 3 -0.01294297620657385
12 1 6 1 -0.01294297620657385
12 1 6 2 0
12 1 6 3 -0.01321776996240631
12 2 6 1 0
12 2 6 2 0.001788302319238295
12 2 6 3 0
12 3 6 1 -0.01321776996240631
12 3 6 2 0
12 3 6 3 -0.01294297620657385
12 1 1 1 -0.01294297620657385
12 1 1 2 0
12 1 1 3 0.01321776996240631
12 2 1 1 0
12 2 1 2 0.001788302319238295
12 2 1 3 0
12 3 1 1 0.01321776996240631
12 3 1 2 0
12 3 1 3 -0.01294297620657385
12 1 15 1 0.001788302319238295
12 1 15 2 0
12 1 15 3 0
12 2 15 1 0
12 2 15 2 -0.01294297620657385
12 2 15 3 0.01321776996240631
12 3 15 1 0
12 3 15 2 0.01321776996240631
12 3 15 3 -0.01294297620657385
12 1 22 1 -0.01294297620657385
12 1 22 2 -0.01321776996240631
12 1 22 3 0
12 2 22 1 -0.01321776996240631
12 2 22 2 -0.01294297620657385
12 2 22 3 0
12 3 22 1 0
12 3 22 2 0
12 3 22 3 0.001788302319238295
12 1 10 1 -0.01294297620657385
12 1 10 2 0.01321776996240631
12 1 10 3 0
12 2 10 1 0.01321776996240631
12 2 10 2 -0.01294297620657385
12 2 10 3 0
12 3 10 1 0
12 3 10 2 0
12 3 10 3 0.001788302319238295
12 1 9 1 -0.01294297620657385
12 1 9 2 0.01321776996240631
12 1 9 3 0
12 2 9 1 0.01321776996240631
12 2 9 2 -0.01294297620657385
12 2 9 3 0
12 3 9 1 0
12 3 9 2 0
12 3 9 3 0.001788302319238295
12 1 2 1 -0.01294297620657385
12 1 2 2 -0.01321776996240631
12 1 2 3 0
12 2 2 1 -0.01321776996240631
12 2 2 2 -0.01294297620657385
12 2 2 3 0
12 3 2 1 0
12 3 2 2 0
12 3 2 3 0.001788302319238295
12 1 32 1 0.001788302319238295
12 1 32 2 0
12 1 32 3 0
12 2 32 1 0
12 2 32 2 -0.01294297620657385
12 2 32 3 0.01321776996240631
12 3 32 1 0
12 3 32 2 0.01321776996240631
12 3 32 3 -0.01294297620657385
12 1 18 1 -0.01294297620657385
12 1 18 2 0
12 1 18 3 0.01321776996240631
12 2 18 1 0
12 2 18 2 0.001788302319238295
12 2 18 3 0
12 3 18 1 0.01321776996240631
12 3 18 2 0
12 3 18 3 -0.01294297620657385
12 1 5 1 -0.01294297620657385
12 1 5 2 0
12 1 5 3 -0.01321776996240631
12 2 5 1 0
12 2 5 2 0.001788302319238295
12 2 5 3 0
12 3 5 1 -0.01321776996240631
12 3 5 2 0
12 3 5 3 -0.01294297620657385
12 1 27 1 0.001788302319238295
12 1 27 2 0
12 1 27 3 0
12 2 27 1 0
12 2 27 2 -0.01294297620657385
12 2 27 3 -0.01321776996240631
12 3 27 1 0
12 3 27 2 -0.01321776996240631
12 3 27 3 -0.01294297620657385
2 1 1 1 0.001788302319238295
2 1 1 2 0
2 1 1 3 0
2 2 1 1 0
2 2 1 2 -0.01294297620657385
2 2 1 3 -0.01321776996240631
2 3 1 1 0
2 3 1 2 -0.01321776996240631
2 3 1 3 -0.01294297620657385
2 1 15 1 -0.01294297620657385
2 1 15 2 0
2 1 15 3 -0.01321776996240631
2 2 15 1 0
2 2 15 2 0.001788302319238295
2 2 15 3 0
2 3 15 1 -0.01321776996240631
2 3 15 2 0
2 3 15 3 -0.01294297620657385
2 1 4 1 -0.01294297620657385
2 1 4 2 0
2 1 4 3 0.01321776996240631
2 2 4 1 0
2 2 4 2 0.001788302319238295
2 2 4 3 0
2 3 4 1 0.01321776996240631
2 3 4 2 0
2 3 4 3 -0.01294297620657385
2 1 7 1 0.001788302319238295
2 1 7 2 0
2 1 7 3 0
2 2 7 1 0
2 2 7 2 -0.01294297620657385
2 2 7 3 0.01321776996240631
2 3 7 1 0
2 3 7 2 0.01321776996240631
2 3 7 3 -0.01294297620657385
2 1 12 1 -0.01294297620657385
2 1 12 2 -0.01321776996240631
2 1 12 3 0
2 2 12 1 -0.01321776996240631
2 2 12 2 -0.01294297620657385
2 2 12 3 0
2 3 12 1 0
2 3 12 2 0
2 3 12 3 0.001788302319238295
2 1 3 1 -0.01294297620657385
2 1 3 2 0.01321776996240631
2 1 3 3 0
2 2 3 1 0.01321776996240631
2 2 3 2 -0.01294297620657385
2 2 3 3 0
2 3 3 1 0
2 3 3 2 0
2 3 3 3 0.001788302319238295
2 1 25 1 -0.01294297620657385
2 1 25 2 0.01321776996240631
2 1 25 3 0
2 2 25 1 0.01321776996240631
2 2 25 2 -0.01294297620657385
2 2 25 3 0
2 3 25 1 0
2 3 25 2 0
2 3 25 3 0.001788302319238295
2 1 13 1 -0.01294297620657385
2 1 13 2 -0.01321776996240631
2 1 13 3 0
2 2 13 1 -0.01321776996240631
2 2 13 2 -0.01294297620657385
2 2 13 3 0
2 3 13 1 0
2 3 13 2 0
2 3 13 3 0.001788302319238295
2 1 5 1 0.001788302319238295
2 1 5 2 0
2 1 5 3 0
2 2 5 1 0
2 2 5 2 -0.01294297620657385
2 2 5 3 0.01321776996240631
2 3 5 1 0
2 3 5 2 0.01321776996240631
2 3 5 3 -0.01294297620657385
2 1 27 1 -0.01294297620657385
2 1 27 2 0
2 1 27 3 0.01321776996240631
2 2 27 1 0
2 2 27 2 0.001788302319238295
2 2 27 3 0
2 3 27 1 0.01321776996240631
2 3 27 2 0
2 3 27 3 -0.01294297620657385
2 1 14 1 -0.01294297620657385
2 1 14 2 0
2 1 14 3 -0.01321776996240631
2 2 14 1 0
2 2 14 2 0.001788302319238295
2 2 14 3 0
2 3 14 1 -0.01321776996240631
2 3 14 2 0
2 3 14 3 -0.01294297620657385
2 1 17 1 0.001788302319238295
2 1 17 2 0
2 1 17 3 0
2 2 17 1 0
2 2 17 2 -0.01294297620657385
2 2 17 3 -0.01321776996240631
2 3 17 1 0
2 3 17 2 -0.01321776996240631
2 3 17 3 -0.01294297620657385
9 1 6 1 0.001788302319238295
9 1 6 2 0
9 1 6 3 0
9 2 6 1 0
9 2 6 2 -0.01294297620657385
9 2 6 3 -0.01321776996240631
9 3 6 1 0
9 3 6 2 -0.01321776996240631
9 3 6 3 -0.01294297620657385
9 1 4 1 -0.01294297620657385
9 1 4 2 0
9 1 4 3 -0.01321776996240631
9 2 4 1 0
9 2 4 2 0.001788302319238295
9 2 4 3 0
9 3 4 1 -0.01321776996240631
9 3 4 2 0
9 3 4 3 -0.01294297620657385
9 1 15 1 -0.01294297620657385
9 1 15 2 0
9 1 15 3 0.01321776996240631
9 2 15 1 0
9 2 15 2 0.001788302319238295
9 2 15 3 0
9 3 15 1 0.01321776996240631
9 3 15 2 0
9 3 15 3 -0.01294297620657385
9 1 19 1 0.001788302319238295
9 1 19 2 0
9 1 19 3 0
9 2 19 1 0
9 2 19 2 -0.01294297620657385
9 2 19 3 0.01321776996240631
9 3 19 1 0
9 3 19 2 0.01321776996240631
9 3 19 3 -0.01294297620657385
9 1 3 1 -0.01294297620657385
9 1 3 2 -0.01321776996240631
9 1 3 3 0
9 2 3 1 -0.01321776996240631
9 2 3 2 -0.01294297620657385
9 2 3 3 0
9 3 3 1 0
9 3 3 2 0
9 3 3 3 0.001788302319238295
9 1 12 1 -0.01294297620657385
9 1 12 2 0.01321776996240631
9 1 12 3 0
9 2 12 1 0.01321776996240631
9 2 12 2 -0.01294297620657385
9 2 12 3 0
9 3 12 1 0
9 3 12 2 0
9 3 12 3 0.001788302319238295
9 1 13 1 -0.01294297620657385
9 1 13 2 0.01321776996240631
9 1 13 3 0
9 2 13 1 0.01321776996240631
9 2 13 2 -0.01294297620657385
9 2 13 3 0
9 3 13 1 0
9 3 13 2 0
9 3 13 3 0.001788302319238295
9 1 25 1 -0.01294297620657385
9 1 25 2 -0.01321776996240631
9 1 25 3 0
9 2 25 1 -0.01321776996240631
9 2 25 2 -0.01294297620657385
9 2 25 3 0
9 3 25 1 0
9 3 25 2 0
9 3 25 3 0.001788302319238295
9 1 18 1 0.001788302319238295
9 1 18 2 0
9 1 18 3 0
9 2 18 1 0
9 2 18 2 -0.01294297620657385
9 2 18 3 0.01321776996240631
9 3 18 1 0
9 3 18 2 0.01321776996240631
9 3 18 3 -0.01294297620657385
9 1 14 1 -0.01294297620657385
9 1 14 2 0
9 1 14 3 0.01321776996240631
9 2 14 1 0
9 2 14 2 0.001788302319238295
9 2 14 3 0
9 3 14 1 0.01321776996240631
9 3 14 2 0
9 3 14 3 -0.01294297620657385
9 1 27 1 -0.01294297620657385
9 1 27 2 0
9 1 27 3 -0.01321776996240631
9 2 27 1 0
9 2 27 2 0.001788302319238295
9 2 27 3 0
9 3 27 1 -0.01321776996240631
9 3 27 2 0
9 3 27 3 -0.01294297620657385
9 1 29 1 0.001788302319238295
9 1 29 2 0
9 1 29 3 0
9 2 29 1 0
9 2 29 2 -0.01294297620657385
9 2 29 3 -0.01321776996240631
9 3 29 1 0
9 3 29 2 -0.01321776996240631
9 3 29 3 -0.01294297620657385
13 1 4 1 0.001788302319238295
13 1 4 2 0
13 1 4 3 0
13 2 4 1 0
13 2 4 2 -0.01294297620657385
13 2 4 3 -0.01321776996240631
13 3 4 1 0
13 3 4 2 -0.01321776996240631
13 3 4 3 -0.01294297620657385
13 1 7 1 -0.01294297620657385
13 1 7 2 0
13 1 7 3 -0.01321776996240631
13 2 7 1 0
13 2 7 2 0.001788302319238295
13 2 7 3 0
13 3 7 1 -0.01321776996240631
13 3 7 2 0
13 3 7 3 -0.01294297620657385
13 1 19 1 -0.01294297620657385
13 1 19 2 0
13 1 19 3 0.01321776996240631
13 2 19 1 0
13 2 19 2 0.001788302319238295
13 2 19 3 0
13 3 19 1 0.01321776996240631
13 3 19 2 0
13 3 19 3 -0.01294297620657385
13 1 16 1 0.001788302319238295
13 1 16 2 0
13 1 16 3 0
13 2 16 1 0
13 2 16 2 -0.01294297620657385
13 2 16 3 0.01321776996240631
13 3 16 1 0
13 3 16 2 0.01321776996240631
13 3 16 3 -0.01294297620657385
13 1 2 1 -0.01294297620657385
13 1 2 2 -0.01321776996240631
13 1 2 3 0
13 2 2 1 -0.01321776996240631
13 2 2 2 -0.01294297620657385
13 2 2 3 0
13 3 2 1 0
13 3 2 2 0
13 3 2 3 0.001788302319238295
13 1 9 1 -0.01294297620657385
13 1 9 2 0.01321776996240631
13 1 9 3 0
13 2 9 1 0.01321776996240631
13 2 9 2 -0.01294297620657385
13 2 9 3 0
13 3 9 1 0
13 3 9 2 0
13 3 9 3 0.001788302319238295
13 1 10 1 -0.01294297620657385
13 1 10 2 0.01321776996240631
13 1 10 3 0
13 2 10 1 0.01321776996240631
13 2 10 2 -0.01294297620657385
13 2 10 3 0
13 3 10 1 0
13 3 10 2 0
13 3 10 3 0.001788302319238295
13 1 22 1 -0.01294297620657385
13 1 22 2 -0.01321776996240631
13 1 22 3 0
13 2 22 1 -0.01321776996240631
13 2 22 2 -0.01294297620657385
13 2 22 3 0
13 3 22 1 0
13 3 22 2 0
13 3 22 3 0.001788302319238295
13 1 14 1 0.001788302319238295
13 1 14 2 0
13 1 14 3 0
13 2 14 1 0
13 2 14 2 -0.01294297620657385
13 2 14 3 0.01321776996240631
13 3 14 1 0
13 3 14 2 0.01321776996240631
13 3 14 3 -0.01294297620657385
13 1 17 1 -0.01294297620657385
13 1 17 2 0
13 1 17 3 0.01321776996240631
13 2 17 1 0
13 2 17 2 0.001788302319238295
13 2 17 3 0
13 3 17 1 0.01321776996240631
13 3 17 2 0
13 3 17 3 -0.01294297620657385
13 1 29 1 -0.01294297620657385
13 1 29 2 0
13 1 29 3 -0.01321776996240631
13 2 29 1 0
13 2 29 2 0.001788302319238295
13 2 29 3 0
13 3 29 1 -0.01321776996240631
13 3 29 2 0
13 3 29 3 -0.01294297620657385
13 1 26 1 0.001788302319238295
13 1 26 2 0
13 1 26 3 0
13 2 26 1 0
13 2 26 2 -0.01294297620657385
13 2 26 3 -0.01321776996240631
13 3 26 1 0
13 3 26 2 -0.01321776996240631
13 3 26 3 -0.01294297620657385
25 1 15 1 0.001788302319238295
25 1 15 2 0
25 1 15 3 0
25 2 15 1 0
25 2 15 2 -0.01294297620657385
25 2 15 3 -0.01321776996240631
25 3 15 1 0
25 3 15 2 -0.01321776996240631
25 3 15 3 -0.01294297620657385
25 1 19 1 -0.01294297620657385
25 1 19 2 0
25 1 19 3 -0.01321776996240631
25 2 19 1 0
25 2 19 2 0.001788302319238295
25 2 19 3 0
25 3 19 1 -0.01321776996240631
25 3 19 2 0
25 3 19 3 -0.01294297620657385
25 1 7 1 -0.01294297620657385
25 1 7 2 0
25 1 7 3 0.01321776996240631
25 2 7 1 0
25 2 7 2 0.001788302319238295
25 2 7 3 0
25 3 7 1 0.01321776996240631
25 3 7 2 0
25 3 7 3 -0.01294297620657385
25 1 28 1 0.001788302319238295
25 1 28 2 0
25 1 28 3 0
25 2 28 1 0
25 2 28 2 -0.01294297620657385
25 2 28 3 0.01321776996240631
25 3 28 1 0
25 3 28 2 0.01321776996240631
25 3 28 3 -0.01294297620657385
25 1 9 1 -0.01294297620657385
25 1 9 2 -0.01321776996240631
25 1 9 3 0
25 2 9 1 -0.01321776996240631
25 2 9 2 -0.01294297620657385
25 2 9 3 0
25 3 9 1 0
25 3 9 2 0
25 3 9 3 0.001788302319238295
25 1 2 1 -0.01294297620657385
25 1 2 2 0.01321776996240631
25 1 2 3 0
25 2 2 1 0.01321776996240631
25 2 2 2 -0.01294297620657385
25 2 2 3 0
25 3 2 1 0
25 3 2 2 0
25 3 2 3 0.001788302319238295
25 1 22 1 -0.01294297620657385
25 1 22 2 0.01321776996240631
25 1 22 3 0
25 2 22 1 0.01321776996240631
25 2 22 2 -0.01294297620657385
25 2 22 3 0
25 3 22 1 0
25 3 22 2 0
25 3 22 3 0.001788302319238295
25 1 10 1 -0.01294297620657385
25 1 10 2 -0.01321776996240631
25 1 10 3 0
25 2 10 1 -0.01321776996240631
25 2 10 2 -0.01294297620657385
25 2 10 3 0
25 3 10 1 0
25 3 10 2 0
25 3 10 3 0.001788302319238295
25 1 27 1 0.001788302319238295
25 1 27 2 0
25 1 27 3 0
25 2 27 1 0
25 2 27 2 -0.01294297620657385
25 2 27 3 0.01321776996240631
25 3 27 1 0
25 3 27 2 0.01321776996240631
25 3 27 3 -0.01294297620657385
25 1 29 1 -0.01294297620657385
25 1 29 2 0
25 1 29 3 0.01321776996240631
25 2 29 1 0
25 2 29 2 0.001788302319238295
25 2 29 3 0
25 3 29 1 0.01321776996240631
25 3 29 2 0
25 3 29 3 -0.01294297620657385
25 1 17 1 -0.01294297620657385
25 1 17 2 0
25 1 17 3 -0.01321776996240631
25 2 17 1 0
25 2 17 2 0.001788302319238295
25 2 17 3 0
25 3 17 1 -0.01321776996240631
25 3 17 2 0
25 3 17 3 -0.01294297620657385
25 1 32 1 0.001788302319238295
25 1 32 2 0
25 1 32 3 0
25 2 32 1 0
25 2 32 2 -0.01294297620657385
25 2 32 3 -0.01321776996240631
25 3 32 1 0
25 3 32 2 -0.01321776996240631
25 3 32 3 -0.01294297620657385
10 1 7 1 0.001788302319238295
10 1 7 2 0
10 1 7 3 0
10 2 7 1 0
10 2 7 2 -0.01294297620657385
10 2 7 3 -0.01321776996240631
10 3 7 1 0
10 3 7 2 -0.01321776996240631
10 3 7 3 -0.01294297620657385
10 1 28 1 -0.01294297620657385
10 1 28 2 0
10 1 28 3 -0.01321776996240631
10 2 28 1 0
10 2 28 2 0.001788302319238295
10 2 28 3 0
10 3 28 1 -0.01321776996240631
10 3 28 2 0
10 3 28 3 -0.01294297620657385
10 1 16 1 -0.01294297620657385
10 1 16 2 0
10 1 16 3 0.01321776996240631
10 2 16 1 0
10 2 16 2 0.001788302319238295
10 2 16 3 0
10 3 16 1 0.01321776996240631
10 3 16 2 0
10 3 16 3 -0.01294297620657385
10 1 1 1 0.001788302319238295
10 1 1 2 0
10 1 1 3 0
10 2 1 1 0
10 2 1 2 -0.01294297620657385
10 2 1 3 0.01321776996240631
10 3 1 1 0
10 3 1 2 0.01321776996240631
10 3 1 3 -0.01294297620657385
10 1 25 1 -0.01294297620657385
10 1 25 2 -0.01321776996240631
10 1 25 3 0
10 2 25 1 -0.01321776996240631
10 2 25 2 -0.01294297620657385
10 2 25 3 0
10 3 25 1 0
10 3 25 2 0
10 3 25 3 0.001788302319238295
10 1 13 1 -0.01294297620657385
10 1 13 2 0.01321776996240631
10 1 13 3 0
10 2 13 1 0.01321776996240631
10 2 13 2 -0.01294297620657385
10 2 13 3 0
10 3 13 1 0
10 3 13 2 0
10 3 13 3 0.001788302319238295
10 1 12 1 -0.01294297620657385
10 1 12 2 0.01321776996240631
10 1 12 3 0
10 2 12 1 0.01321776996240631
10 2 12 2 -0.01294297620657385
10 2 12 3 0
10 3 12 1 0
10 3 12 2 0
10 3 12 3 0.001788302319238295
10 1 3 1 -0.01294297620657385
10 1 3 2 -0.01321776996240631
10 1 3 3 0
10 2 3 1 -0.01321776996240631
10 2 3 2 -0.01294297620657385
10 2 3 3 0
10 3 3 1 0
10 3 3 2 0
10 3 3 3 0.001788302319238295
10 1 17 1 0.001788302319238295
10 1 17 2 0
10 1 17 3 0
10 2 17 1 0
10 2 17 2 -0.01294297620657385
10 2 17 3 0.01321776996240631
10 3 17 1 0
10 3 17 2 0.01321776996240631
10 3 17 3 -0.01294297620657385
10 1 32 1 -0.01294297620657385
10 1 32 2 0
10 1 32 3 0.01321776996240631
10 2 32 1 0
10 2 32 2 0.001788302319238295
10 2 32 3 0
10 3 32 1 0.01321776996240631
10 3 32 2 0
10 3 32 3 -0.01294297620657385
10 1 26 1 -0.01294297620657385
10 1 26 2 0
10 1 26 3 -0.01321776996240631
10 2 26 1 0
10 2 26 2 0.001788302319238295
10 2 26 3 0
10 3 26 1 -0.01321776996240631
10 3 26 2 0
10 3 26 3 -0.01294297620657385
10 1 5 1 0.001788302319238295
10 1 5 2 0
10 1 5 3 0
10 2 5 1 0
10 2 5 2 -0.01294297620657385
10 2 5 3 -0.01321776996240631
10 3 5 1 0
10 3 5 2 -0.01321776996240631
10 3 5 3 -0.01294297620657385
22 1 19 1 0.001788302319238295
22 1 19 2 0
22 1 19 3 0
22 2 19 1 0
22 2 19 2 -0.01294297620657385
22 2 19 3 -0.01321776996240631
22 3 19 1 0
22 3 19 2 -0.01321776996240631
22 3 19 3 -0.01294297620657385
22 1 16 1 -0.01294297620657385
22 1 16 2 0
22 1 16 3 -0.01321776996240631
22 2 16 1 0
22 2 16 2 0.001788302319238295
22 2 16 3 0
22 3 16 1 -0.01321776996240631
22 3 16 2 0
22 3 16 3 -0.01294297620657385
22 1 28 1 -0.01294297620657385
22 1 28 2 0
22 1 28 3 0.01321776996240631
22 2 28 1 0
22 2 28 2 0.001788302319238295
22 2 28 3 0
22 3 28 1 0.01321776996240631
22 3 28 2 0
22 3 28 3 -0.01294297620657385
22 1 6 1 0.001788302319238295
22 1 6 2 0
22 1 6 3 0
22 2 6 1 0
22 2 6 2 -0.01294297620657385
22 2 6 3 0.01321776996240631
22 3 6 1 0
22 3 6 2 0.01321776996240631
22 3 6 3 -0.01294297620657385
22 1 13 1 -0.01294297620657385
22 1 13 2 -0.01321776996240631
22 1 13 3 0
22 2 13 1 -0.01321776996240631
22 2 13 2 -0.01294297620657385
22 2 13 3 0
22 3 13 1 0
22 3 13 2 0
22 3 13 3 0.001788302319238295
22 1 25 1 -0.01294297620657385
22 1 25 2 0.01321776996240631
22 1 25 3 0
22 2 25 1 0.01321776996240631
22 2 25 2 -0.01294297620657385
22 2 25 3 0
22 3 25 1 0
22 3 25 2 0
22 3 25 3 0.001788302319238295
22 1 3 1 -0.01294297620657385
22 1 3 2 0.01321776996240631
22 1 3 3 0
22 2 3 1 0.01321776996240631
22 2 3 2 -0.01294297620657385
22 2 3 3 0
22 3 3 1 0
22 3 3 2 0
22 3 3 3 0.001788302319238295
22 1 12 1 -0.01294297620657385
22 1 12 2 -0.01321776996240631
22 1 12 3 0
22 2 12 1 -0.01321776996240631
22 2 12 2 -0.01294297620657385
22 2 12 3 0
22 3 12 1 0
22 3 12 2 0
22 3 12 3 0.001788302319238295
22 1 29 1 0.001788302319238295
22 1 29 2 0
22 1 29 3 0
22 2 29 1 0
22 2 29 2 -0.01294297620657385
22 2 29 3 0.01321776996240631
22 3 29 1 0
22 3 29 2 0.01321776996240631
22 3 29 3 -0.01294297620657385
22 1 26 1 -0.01294297620657385
22 1 26 2 0
22 1 26 3 0.01321776996240631
22 2 26 1 0
22 2 26 2 0.001788302319238295
22 2 26 3 0
22 3 26 1 0.01321776996240631
22 3 26 2 0
22 3 26 3 -0.01294297620657385
22 1 32 1 -0.01294297620657385
22 1 32 2 0
22 1 32 3 -0.01321776996240631
22 2 32 1 0
22 2 32 2 0.001788302319238295
22 2 32 3 0
22 3 32 1 -0.01321776996240631
22 3 32 2 0
22 3 32 3 -0.01294297620657385
22 1 18 1 0.001788302319238295
22 1 18 2 0
22 1 18 3 0
22 2 18 1 0
22 2 18 2 -0.01294297620657385
22 2 18 3 -0.01321776996240631
22 3 18 1 0
22 3 18 2 -0.01321776996240631
22 3 18 3 -0.01294297620657385
5 1 10 1 0.001788302319238295
5 1 10 2 0
5 1 10 3 0
5 2 10 1 0
5 2 10 2 -0.01294297620657385
5 2 10 3 -0.01321776996240631
5 3 10 1 0
5 3 10 2 -0.01321776996240631
5 3 10 3 -0.01294297620657385
5 1 12 1 -0.01294297620657385
5 1 12 2 0
5 1 12 3 -0.01321776996240631
5 2 12 1 0
5 2 12 2 0.001788302319238295
5 2 12 3 0
5 3 12 1 -0.01321776996240631
5 3 12 2 0
5 3 12 3 -0.01294297620657385
5 1 3 1 -0.01294297620657385
5 1 3 2 0
5 1 3 3 0.01321776996240631
5 2 3 1 0
5 2 3 2 0.001788302319238295
5 2 3 3 0
5 3 3 1 0.01321776996240631
5 3 3 2 0
5 3 3 3 -0.01294297620657385
5 1 2 1 0.001788302319238295
5 1 2 2 0
5 1 2 3 0
5 2 2 1 0
5 2 2 2 -0.01294297620657385
5 2 2 3 0.01321776996240631
5 3 2 1 0
5 3 2 2 0.01321776996240631
5 3 2 3 -0.01294297620657385
5 1 32 1 -0.01294297620657385
5 1 32 2 -0.01321776996240631
5 1 32 3 0
5 2 32 1 -0.01321776996240631
5 2 32 2 -0.01294297620657385
5 2 32 3 0
5 3 32 1 0
5 3 32 2 0
5 3 32 3 0.001788302319238295
5 1 26 1 -0.01294297620657385
5 1 26 2 0.01321776996240631
5 1 26 3 0
5 2 26 1 0.01321776996240631
5 2 26 2 -0.01294297620657385
5 2 26 3 0
5 3 26 1 0
5 3 26 2 0
5 3 26 3 0.001788302319238295
5 1 27 1 -0.01294297620657385
5 1 27 2 0.01321776996240631
5 1 27 3 0
5 2 27 1 0.01321776996240631
5 2 27 2 -0.01294297620657385
5 2 27 3 0
5 3 27 1 0
5 3 27 2 0
5 3 27 3 0.001788302319238295
5 1 14 1 -0.01294297620657385
5 1 14 2 -0.01321776996240631
5 1 14 3 0
5 2 14 1 -0.01321776996240631
5 2 14 2 -0.01294297620657385
5 2 14 3 0
5 3 14 1 0
5 3 14 2 0
5 3 14 3 0.001788302319238295
5 1 20 1 0.001788302319238295
5 1 20 2 0
5 1 20 3 0
5 2 20 1 0
5 2 20 2 -0.01294297620657385
5 2 20 3 0.01321776996240631
5 3 20 1 0
5 3 20 2 0.01321776996240631
5 3 20 3 -0.01294297620657385
5 1 24 1 -0.01294297620657385
5 1 24 2 0
5 1 24 3 0.01321776996240631
5 2 24 1 0
5 2 24 2 0.001788302319238295
5 2 24 3 0
5 3 24 1 0.01321776996240631
5 3 24 2 0
5 3 24 3 -0.01294297620657385
5 1 11 1 -0.01294297620657385
5 1 11 2 0
5 1 11 3 -0.01321776996240631
5 2 11 1 0
5 2 11 2 0.001788302319238295
5 2 11 3 0
5 3 11 1 -0.01321776996240631
5 3 11 2 0
5 3 11 3 -0.01294297620657385
5 1 8 1 0.001788302319238295
5 1 8 2 0
5 1 8 3 0
5 2 8 1 0
5 2 8 2 -0.01294297620657385
5 2 8 3 -0.01321776996240631
5 3 8 1 0
5 3 8 2 -0.01321776996240631
5 3 8 3 -0.01294297620657385
18 1 22 1 0.001788302319238295
18 1 22 2 0
18 1 22 3 0
18 2 22 1 0
18 2 22 2 -0.01294297620657385
18 2 22 3 -0.01321776996240631
18 3 22 1 0
18 3 22 2 -0.01321776996240631
18 3 22 3 -0.01294297620657385
18 1 3 1 -0.01294297620657385
18 1 3 2 0
18 1 3 3 -0.01321776996240631
18 2 3 1 0
18 2 3 2 0.001788302319238295
18 2 3 3 0
18 3 3 1 -0.01321776996240631
18 3 3 2 0
18 3 3 3 -0.01294297620657385
18 1 12 1 -0.01294297620657385
18 1 12 2 0
18 1 12 3 0.01321776996240631
18 2 12 1 0
18 2 12 2 0.001788302319238295
18 2 12 3 0
18 3 12 1 0.01321776996240631
18 3 12 2 0
18 3 12 3 -0.01294297620657385
18 1 9 1 0.001788302319238295
18 1 9 2 0
18 1 9 3 0
18 2 9 1 0
18 2 9 2 -0.01294297620657385
18 2 9 3 0.01321776996240631
18 3 9 1 0
18 3 9 2 0.01321776996240631
18 3 9 3 -0.01294297620657385
18 1 26 1 -0.01294297620657385
18 1 26 2 -0.01321776996240631
18 1 26 3 0
18 2 26 1 -0.01321776996240631
18 2 26 2 -0.01294297620657385
18 2 26 3 0
18 3 26 1 0
18 3 26 2 0
18 3 26 3 0.001788302319238295
18 1 32 1 -0.01294297620657385
18 1 32 2 0.01321776996240631
18 1 32 3 0
18 2 32 1 0.01321776996240631
18 2 32 2 -0.01294297620657385
18 2 32 3 0
18 3 32 1 0
18 3 32 2 0
18 3 32 3 0.001788302319238295
18 1 14 1 -0.01294297620657385
18 1 14 2 0.01321776996240631
18 1 14 3 0
18 2 14 1 0.01321776996240631
18 2 14 2 -0.01294297620657385
18 2 14 3 0
18 3 14 1 0
18 3 14 2 0
18 3 14 3 0.001788302319238295
18 1 27 1 -0.01294297620657385
18 1 27 2 -0.01321776996240631
18 1 27 3 0
18 2 27 1 -0.01321776996240631
18 2 27 2 -0.01294297620657385
18 2 27 3 0
18 3 27 1 0
18 3 27 2 0
18 3 27 3 0.001788302319238295
18 1 30 1 0.001788302319238295
18 1 30 2 0
18 1 30 3 0
18 2 30 1 0
18 2 30 2 -0.01294297620657385
18 2 30 3 0.01321776996240631
18 3 30 1 0
18 3 30 2 0.01321776996240631
18 3 30 3 -0.01294297620657385
18 1 11 1 -0.01294297620657385
18 1 11 2 0
18 1 11 3 0.01321776996240631
18 2 11 1 0
18 2 11 2 0.001788302319238295
18 2 11 3 0
18 3 11 1 0.01321776996240631
18 3 11 2 0
18 3 11 3 -0.01294297620657385
18 1 24 1 -0.01294297620657385
18 1 24 2 0
18 1 24 3 -0.01321776996240631
18 2 24 1 0
18 2 24 2 0.001788302319238295
18 2 24 3 0
18 3 24 1 -0.01321776996240631
18 3 24 2 0
18 3 24 3 -0.01294297620657385
18 1 21 1 0.001788302319238295
18 1 21 2 0
18 1 21 3 0
18 2 21 1 0
18 2 21 2 -0.01294297620657385
18 2 21 3 -0.01321776996240631
18 3 21 1 0
18 3 21 2 -0.01321776996240631
18 3 21 3 -0.01294297620657385
14 1 3 1 0.001788302319238295
14 1 3 2 0
14 1 3 3 0
14 2 3 1 0
14 2 3 2 -0.01294297620657385
14 2 3 3 -0.01321776996240631
14 3 3 1 0
14 3 3 2 -0.01321776996240631
14 3 3 3 -0.01294297620657385
14 1 2 1 -0.01294297620657385
14 1 2 2 0
14 1 2 3 -0.01321776996240631
14 2 2 1 0
14 2 2 2 0.001788302319238295
14 2 2 3 0
14 3 2 1 -0.01321776996240631
14 3 2 2 0
14 3 2 3 -0.01294297620657385
14 1 9 1 -0.01294297620657385
14 1 9 2 0
14 1 9 3 0.01321776996240631
14 2 9 1 0
14 2 9 2 0.001788302319238295
14 2 9 3 0
14 3 9 1 0.01321776996240631
14 3 9 2 0
14 3 9 3 -0.01294297620657385
14 1 13 1 0.001788302319238295
14 1 13 2 0
14 1 13 3 0
14 2 13 1 0
14 2 13 2 -0.01294297620657385
14 2 13 3 0.01321776996240631
14 3 13 1 0
14 3 13 2 0.01321776996240631
14 3 13 3 -0.01294297620657385
14 1 5 1 -0.01294297620657385
14 1 5 2 -0.01321776996240631
14 1 5 3 0
14 2 5 1 -0.01321776996240631
14 2 5 2 -0.01294297620657385
14 2 5 3 0
14 3 5 1 0
14 3 5 2 0
14 3 5 3 0.001788302319238295
14 1 18 1 -0.01294297620657385
14 1 18 2 0.01321776996240631
14 1 18 3 0
14 2 18 1 0.01321776996240631
14 2 18 2 -0.01294297620657385
14 2 18 3 0
14 3 18 1 0
14 3 18 2 0
14 3 18 3 0.001788302319238295
14 1 17 1 -0.01294297620657385
14 1 17 2 0.01321776996240631
14 1 17 3 0
14 2 17 1 0.01321776996240631
14 2 17 2 -0.01294297620657385
14 2 17 3 0
14 3 17 1 0
14 3 17 2 0
14 3 17 3 0.001788302319238295
14 1 29 1 -0.01294297620657385
14 1 29 2 -0.01321776996240631
14 1 29 3 0
14 2 29 1 -0.01321776996240631
14 2 29 2 -0.01294297620657385
14 2 29 3 0
14 3 29 1 0
14 3 29 2 0
14 3 29 3 0.001788302319238295
14 1 11 1 0.001788302319238295
14 1 11 2 0
14 1 11 3 0
14 2 11 1 0
14 2 11 2 -0.01294297620657385
14 2 11 3 0.01321776996240631
14 3 11 1 0
14 3 11 2 0.01321776996240631
14 3 11 3 -0.01294297620657385
14 1 8 1 -0.01294297620657385
14 1 8 2 0
14 1 8 3 0.01321776996240631
14 2 8 1 0
14 2 8 2 0.001788302319238295
14 2 8 3 0
14 3 8 1 0.01321776996240631
14 3 8 2 0
14 3 8 3 -0.01294297620657385
14 1 21 1 -0.01294297620657385
14 1 21 2 0
14 1 21 3 -0.01321776996240631
14 2 21 1 0
14 2 21 2 0.001788302319238295
14 2 21 3 0
14 3 21 1 -0.01321776996240631
14 3 21 2 0
14 3 21 3 -0.01294297620657385
14 1 23 1 0.001788302319238295
14 1 23 2 0
14 1 23 3 0
14 2 23 1 0
14 2 23 2 -0.01294297620657385
14 2 23 3 -0.01321776996240631
14 3 23 1 0
14 3 23 2 -0.01321776996240631
14 3 23 3 -0.01294297620657385
27 1 12 1 0.001788302319238295
27 1 12 2 0
27 1 12 3 0
27 2 12 1 0
27 2 12 2 -0.01294297620657385
27 2 12 3 -0.01321776996240631
27 3 12 1 0
27 3 12 2 -0.01321776996240631
27 3 12 3 -0.01294297620657385
27 1 9 1 -0.01294297620657385
27 1 9 2 0
27 1 9 3 -0.01321776996240631
27 2 9 1 0
27 2 9 2 0.001788302319238295
27 2 9 3 0
27 3 9 1 -0.01321776996240631
27 3 9 2 0
27 3 9 3 -0.01294297620657385
27 1 2 1 -0.01294297620657385
27 1 2 2 0
27 1 2 3 0.01321776996240631
27 2 2 1 0
27 2 2 2 0.001788302319238295
27 2 2 3 0
27 3 2 1 0.01321776996240631
27 3 2 2 0
27 3 2 3 -0.01294297620657385
27 1 25 1 0.001788302319238295
27 1 25 2 0
27 1 25 3 0
27 2 25 1 0
27 2 25 2 -0.01294297620657385
27 2 25 3 0.01321776996240631
27 3 25 1 0
27 3 25 2 0.01321776996240631
27 3 25 3 -0.01294297620657385
27 1 18 1 -0.01294297620657385
27 1 18 2 -0.01321776996240631
27 1 18 3 0
27 2 18 1 -0.01321776996240631
27 2 18 2 -0.01294297620657385
27 2 18 3 0
27 3 18 1 0
27 3 18 2 0
27 3 18 3 0.001788302319238295
27 1 5 1 -0.01294297620657385
27 1 5 2 0.01321776996240631
27 1 5 3 0
27 2 5 1 0.01321776996240631
27 2 5 2 -0.01294297620657385
27 2 5 3 0
27 3 5 1 0
27 3 5 2 0
27 3 5 3 0.001788302319238295
27 1 29 1 -0.01294297620657385
27 1 29 2 0.01321776996240631
27 1 29 3 0
27 2 29 1 0.01321776996240631
27 2 29 2 -0.01294297620657385
27 2 29 3 0
27 3 29 1 0
27 3 29 2 0
27 3 29 3 0.001788302319238295
27 1 17 1 -0.01294297620657385
27 1 17 2 -0.01321776996240631
27 1 17 3 0
27 2 17 1 -0.01321776996240631
27 2 17 2 -0.01294297620657385
27 2 17 3 0
27 3 17 1 0
27 3 17 2 0
27 3 17 3 0.001788302319238295
27 1 24 1 0.001788302319238295
27 1 24 2 0
27 1 24 3 0
27 2 24 1 0
27 2 24 2 -0.01294297620657385
27 2 24 3 0.01321776996240631
27 3 24 1 0
27 3 24 2 0.01321776996240631
27 3 24 3 -0.01294297620657385
27 1 21 1 -0.01294297620657385
27 1 21 2 0
27 1 21 3 0.01321776996240631
27 2 21 1 0
27 2 21 2 0.001788302319238295
27 2 21 3 0
27 3 21 1 0.01321776996240631
27 3 21 2 0
27 3 21 3 -0.01294297620657385
27 1 8 1 -0.01294297620657385
27 1 8 2 0
27 1 8 3 -0.01321776996240631
27 2 8 1 0
27 2 8 2 0.001788302319238295
27 2 8 3 0
27 3 8 1 -0.01321776996240631
27 3 8 2 0
27 3 8 3 -0.01294297620657385
27 1 31 1 0.001788302319238295
27 1 31 2 0
27 1 31 3 0
27 2 31 1 0
27 2 31 2 -0.01294297620657385
27 2 31 3 -0.01321776996240631
27 3 31 1 0
27 3 31 2 -0.01321776996240631
27 3 31 3 -0.01294297620657385
17 1 2 1 0.001788302319238295
17 1 2 2 0
17 1 2 3 0
17 2 2 1 0
17 2 2 2 -0.01294297620657385
17 2 2 3 -0.01321776996240631
17 3 2 1 0
17 3 2 2 -0.01321776996240631
17 3 2 3 -0.01294297620657385
17 1 25 1 -0.01294297620657385
17 1 25 2 0
17 1 25 3 -0.01321776996240631
17 2 25 1 0
17 2 25 2 0.001788302319238295
17 2 25 3 0
17 3 25 1 -0.01321776996240631
17 3 25 2 0
17 3 25 3 -0.01294297620657385
17 1 13 1 -0.01294297620657385
17 1 13 2 0
17 1 13 3 0.01321776996240631
17 2 13 1 0
17 2 13 2 0.001788302319238295
17 2 13 3 0
17 3 13 1 0.01321776996240631
17 3 13 2 0
17 3 13 3 -0.01294297620657385
17 1 10 1 0.001788302319238295
17 1 10 2 0
17 1 10 3 0
17 2 10 1 0
17 2 10 2 -0.01294297620657385
17 2 10 3 0.01321776996240631
17 3 10 1 0
17 3 10 2 0.01321776996240631
17 3 10 3 -0.01294297620657385
17 1 27 1 -0.01294297620657385
17 1 27 2 -0.01321776996240631
17 1 27 3 0
17 2 27 1 -0.01321776996240631
17 2 27 2 -0.01294297620657385
17 2 27 3 0
17 3 27 1 0
17 3 27 2 0
17 3 27 3 0.001788302319238295
17 1 14 1 -0.01294297620657385
17 1 14 2 0.01321776996240631
17 1 14 3 0
17 2 14 1 0.01321776996240631
17 2 14 2 -0.01294297620657385
17 2 14 3 0
17 3 14 1 0
17 3 14 2 0
17 3 14 3 0.001788302319238295
17 1 32 1 -0.01294297620657385
17 1 32 2 0.01321776996240631
17 1 32 3 0
17 2 32 1 0.01321776996240631
17 2 32 2 -0.01294297620657385
17 2 32 3 0
17 3 32 1 0
17 3 32 2 0
17 3 32 3 0.001788302319238295
17 1 26 1 -0.01294297620657385
17 1 26 2 -0.01321776996240631
17 1 26 3 0
17 2 26 1 -0.01321776996240631
17 2 26 2 -0.01294297620657385
17 2 26 3 0
17 3 26 1 0
17 3 26 2 0
17 3 26 3 0.001788302319238295
17 1 8 1 0.001788302319238295
17 1 8 2 0
17 1 8 3 0
17 2 8 1 0
17 2 8 2 -0.01294297620657385
17 2 8 3 0.01321776996240631
17 3 8 1 0
17 3 8 2 0.01321776996240631
17 3 8 3 -0.01294297620657385
17 1 31 1 -0.01294297620657385
17 1 31 2 0
17 1 31 3 0.01321776996240631
17 2 31 1 0
17 2 31 2 0.001788302319238295
17 2 31 3 0
17 3 31 1 0.01321776996240631
17 3 31 2 0
17 3 31 3 -0.01294297620657385
17 1 23 1 -0.01294297620657385
17 1 23 2 0
17 1 23 3 -0.01321776996240631
17 2 23 1 0
17 2 23 2 0.001788302319238295
17 2 23 3 0
17 3 23 1 -0.01321776996240631
17 3 23 2 0
17 3 23 3 -0.01294297620657385
17 1 20 1 0.001788302319238295
17 1 20 2 0
17 1 20 3 0
17 2 20 1 0
17 2 20 2 -0.01294297620657385
17 2 20 3 -0.01321776996240631
17 3 20 1 0
17 3 20 2 -0.01321776996240631
17 3 20 3 -0.01294297620657385
29 1 9 1 0.001788302319238295
29 1 9 2 0
29 1 9 3 0
29 2 9 1 0
29 2 9 2 -0.01294297620657385
29 2 9 3 -0.01321776996240631
29 3 9 1 0
29 3 9 2 -0.01321776996240631
29 3 9 3 -0.01294297620657385
29 1 13 1 -0.01294297620657385
29 1 13 2 0
29 1 13 3 -0.01321776996240631
29 2 13 1 0
29 2 13 2 0.001788302319238295
29 2 13 3 0
29 3 13 1 -0.01321776996240631
29 3 13 2 0
29 3 13 3 -0.01294297620657385
29 1 25 1 -0.01294297620657385
29 1 25 2 0
29 1 25 3 0.01321776996240631
29 2 25 1 0
29 2 25 2 0.001788302319238295
29 2 25 3 0
29 3 25 1 0.01321776996240631
29 3 25 2 0
29 3 25 3 -0.01294297620657385
29 1 22 1 0.001788302319238295
29 1 22 2 0
29 1 22 3 0
29 2 22 1 0
29 2 22 2 -0.01294297620657385
29 2 22 3 0.01321776996240631
29 3 22 1 0
29 3 22 2 0.01321776996240631
29 3 22 3 -0.01294297620657385
29 1 14 1 -0.01294297620657385
29 1 14 2 -0.01321776996240631
29 1 14 3 0
29 2 14 1 -0.01321776996240631
29 2 14 2 -0.01294297620657385
29 2 14 3 0
29 3 14 1 0
29 3 14 2 0
29 3 14 3 0.001788302319238295
29 1 27 1 -0.01294297620657385
29 1 27 2 0.01321776996240631
29 1 27 3 0
29 2 27 1 0.01321776996240631
29 2 27 2 -0.01294297620657385
29 2 27 3 0
29 3 27 1 0
29 3 27 2 0
29 3 27 3 0.001788302319238295
29 1 26 1 -0.01294297620657385
29 1 26 2 0.01321776996240631
29 1 26 3 0
29 2 26 1 0.01321776996240631
29 2 26 2 -0.01294297620657385
29 2 26 3 0
29 3 26 1 0
29 3 26 2 0
29 3 26 3 0.001788302319238295
29 1 32 1 -0.01294297620657385
29 1 32 2 -0.01321776996240631
29 1 32 3 0
29 2 32 1 -0.01321776996240631
29 2 32 2 -0.01294297620657385
29 2 32 3 0
29 3 32 1 0
29 3 32 2 0
29 3 32 3 0.001788302319238295
29 1 21 1 0.001788302319238295
29 1 21 2 0
29 1 21 3 0
29 2 21 1 0
29 2 21 2 -0.01294297620657385
29 2 21 3 0.01321776996240631
29 3 21 1 0
29 3 21 2 0.01321776996240631
29 3 21 3 -0.01294297620657385
29 1 23 1 -0.01294297620657385
29 1 23 2 0
29 1 23 3 0.01321776996240631
29 2 23 1 0
29 2 23 2 0.001788302319238295
29 2 23 3 0
29 3 23 1 0.01321776996240631
29 3 23 2 0
29 3 23 3 -0.01294297620657385
29 1 31 1 -0.01294297620657385
29 1 31 2 0
29 1 31 3 -0.01321776996240631
29 2 31 1 0
29 2 31 2 0.001788302319238295
29 2 31 3 0
29 3 31 1 -0.01321776996240631
29 3 31 2 0
29 3 31 3 -0.01294297620657385
29 1 30 1 0.001788302319238295
29 1 30 2 0
29 1 30 3 0
29 2 30 1 0
29 2 30 2 -0.01294297620657385
29 2 30 3 -0.01321776996240631
29 3 30 1 0
29 3 30 2 -0.01321776996240631
29 3 30 3 -0.01294297620657385
26 1 13 1 0.001788302319238295
26 1 13 2 0
26 1 13 3 0
26 2 13 1 0
26 2 13 2 -0.01294297620657385
26 2 13 3 -0.01321776996240631
26 3 13 1 0
26 3 13 2 -0.01321776996240631
26 3 13 3 -0.01294297620657385
26 1 10 1 -0.01294297620657385
26 1 10 2 0
26 1 10 3 -0.01321776996240631
26 2 10 1 0
26 2 10 2 0.001788302319238295
26 2 10 3 0
26 3 10 1 -0.01321776996240631
26 3 10 2 0
26 3 10 3 -0.01294297620657385
26 1 22 1 -0.01294297620657385
26 1 22 2 0
26 1 22 3 0.01321776996240631
26 2 22 1 0
26 2 22 2 0.001788302319238295
26 2 22 3 0
26 3 22 1 0.01321776996240631
26 3 22 2 0
26 3 22 3 -0.01294297620657385
26 1 3 1 0.001788302319238295
26 1 3 2 0
26 1 3 3 0
26 2 3 1 0
26 2 3 2 -0.01294297620657385
26 2 3 3 0.01321776996240631
26 3 3 1 0
26 3 3 2 0.01321776996240631
26 3 3 3 -0.01294297620657385
26 1 17 1 -0.01294297620657385
26 1 17 2 -0.01321776996240631
26 1 17 3 0
26 2 17 1 -0.01321776996240631
26 2 17 2 -0.01294297620657385
26 2 17 3 0
26 3 17 1 0
26 3 17 2 0
26 3 17 3 0.001788302319238295
26 1 29 1 -0.01294297620657385
26 1 29 2 0.01321776996240631
26 1 29 3 0
26 2 29 1 0.01321776996240631
26 2 29 2 -0.01294297620657385
26 2 29 3 0
26 3 29 1 0
26 3 29 2 0
26 3 29 3 0.001788302319238295
26 1 5 1 -0.01294297620657385
26 1 5 2 0.01321776996240631
26 1 5 3 0
26 2 5 1 0.01321776996240631
26 2 5 2 -0.01294297620657385
26 2 5 3 0
26 3 5 1 0
26 3 5 2 0
26 3 5 3 0.001788302319238295
26 1 18 1 -0.01294297620657385
26 1 18 2 -0.01321776996240631
26 1 18 3 0
26 2 18 1 -0.01321776996240631
26 2 18 2 -0.01294297620657385
26 2 18 3 0
26 3 18 1 0
26 3 18 2 0
26 3 18 3 0.001788302319238295
26 1 23 1 0.001788302319238295
26 1 23 2 0
26 1 23 3 0
26 2 23 1 0
26 2 23 2 -0.01294297620657385
26 2 23 3 0.01321776996240631
26 3 23 1 0
26 3 23 2 0.01321776996240631
26 3 23 3 -0.01294297620657385
26 1 20 1 -0.01294297620657385
26 1 20 2 0
26 1 20 3 0.01321776996240631
26 2 20 1 0
26 2 20 2 0.001788302319238295
26 2 20 3 0
26 3 20 1 0.01321776996240631
26 3 20 2 0
26 3 20 3 -0.01294297620657385
26 1 30 1 -0.01294297620657385
26 1 30 2 0
26 1 30 3 -0.01321776996240631
26 2 30 1 0
26 2 30 2 0.001788302319238295
26 2 30 3 0
26 3 30 1 -0.01321776996240631
26 3 30 2 0
26 3 30 3 -0.01294297620657385
26 1 11 1 0.001788302319238295
26 1 11 2 0
26 1 11 3 0
26 2 11 1 0
26 2 11 2 -0.01294297620657385
26 2 11 3 -0.01321776996240631
26 3 11 1 0
26 3 11 2 -0.01321776996240631
26 3 11 3 -0.01294297620657385
32 1 25 1 0.001788302319238295
32 1 25 2 0
32 1 25 3 0
32 2 25 1 0
32 2 25 2 -0.01294297620657385
32 2 25 3 -0.01321776996240631
32 3 25 1 0
32 3 25 2 -0.01321776996240631
32 3 25 3 -0.01294297620657385
32 1 22 1 -0.01294297620657385
32 1 22 2 0
32 1 22 3 -0.01321776996240631
32 2 22 1 0
32 2 22 2 0.001788302319238295
32 2 22 3 0
32 3 22 1 -0.01321776996240631
32 3 22 2 0
32 3 22 3 -0.01294297620657385
32 1 10 1 -0.01294297620657385
32 1 10 2 0
32 1 10 3 0.01321776996240631
32 2 10 1 0
32 2 10 2 0.001788302319238295
32 2 10 3 0
32 3 10 1 0.01321776996240631
32 3 10 2 0
32 3 10 3 -0.01294297620657385
32 1 12 1 0.001788302319238295
32 1 12 2 0
32 1 12 3 0
32 2 12 1 0
32 2 12 2 -0.01294297620657385
32 2 12 3 0.01321776996240631
32 3 12 1 0
32 3 12 2 0.01321776996240631
32 3 12 3 -0.01294297620657385
32 1 29 1 -0.01294297620657385
32 1 29 2 -0.01321776996240631
32 1 29 3 0
32 2 29 1 -0.01321776996240631
32 2 29 2 -0.01294297620657385
32 2 29 3 0
32 3 29 1 0
32 3 29 2 0
32 3 29 3 0.001788302319238295
32 1 17 1 -0.01294297620657385
32 1 17 2 0.01321776996240631
32 1 17 3 0
32 2 17 1 0.01321776996240631
32 2 17 2 -0.01294297620657385
32 2 17 3 0
32 3 17 1 0
32 3 17 2 0
32 3 17 3 0.001788302319238295
32 1 18 1 -0.01294297620657385
32 1 18 2 0.01321776996240631
32 1 18 3 0
32 2 18 1 0.01321776996240631
32 2 18 2 -0.01294297620657385
32 2 18 3 0
32 3 18 1 0
32 3 18 2 0
32 3 18 3 0.001788302319238295
32 1 5 1 -0.01294297620657385
32 1 5 2 -0.01321776996240631
32 1 5 3 0
32 2 5 1 -0.01321776996240631
32 2 5 2 -0.01294297620657385
32 2 5 3 0
32 3 5 1 0
32 3 5 2 0
32 3 5 3 0.001788302319238295
32 1 31 1 0.001788302319238295
32 1 31 2 0
32 1 31 3 0
32 2 31 1 0
32 2 31 2 -0.01294297620657385
32 2 31 3 0.01321776996240631
32 3 31 1 0
32 3 31 2 0.01321776996240631
32 3 31 3 -0.01294297620657385
32 1 30 1 -0.01294297620657385
32 1 30 2 0
32 1 30 3 0.01321776996240631
32 2 30 1 0
32 2 30 2 0.001788302319238295
32 2 30 3 0
32 3 30 1 0.01321776996240631
32 3 30 2 0
32 3 30 3 -0.01294297620657385
32 1 20 1 -0.01294297620657385
32 1 20 2 0
32 1 20 3 -0.01321776996240631
32 2 20 1 0
32 2 20 2 0.001788302319238295
32 2 20 3 0
32 3 20 1 -0.01321776996240631
32 3 20 2 0
32 3 20 3 -0.01294297620657385
32 1 24 1 0.001788302319238295
32 1 24 2 0
32 1 24 3 0
32 2 24 1 0
32 2 24 2 -0.01294297620657385
32 2 24 3 -0.01321776996240631
32 3 24 1 0
32 3 24 2 -0.01321776996240631
32 3 24 3 -0.01294297620657385
11 1 26 1 0.001788302319238295
11 1 26 2 0
11 1 26 3 0
11 2 26 1 0
11 2 26 2 -0.01294297620657385
11 2 26 3 -0.01321776996240631
11 3 26 1 0
11 3 26 2 -0.01321776996240631
11 3 26 3 -0.01294297620657385
11 1 5 1 -0.01294297620657385
11 1 5 2 0
11 1 5 3 -0.01321776996240631
11 2 5 1 0
11 2 5 2 0.001788302319238295
11 2 5 3 0
11 3 5 1 -0.01321776996240631
11 3 5 2 0
11 3 5 3 -0.01294297620657385
11 1 18 1 -0.01294297620657385
11 1 18 2 0
11 1 18 3 0.01321776996240631
11 2 18 1 0
11 2 18 2 0.001788302319238295
11 2 18 3 0
11 3 18 1 0.01321776996240631
11 3 18 2 0
11 3 18 3 -0.01294297620657385
11 1 14 1 0.001788302319238295
11 1 14 2 0
11 1 14 3 0
11 2 14 1 0
11 2 14 2 -0.01294297620657385
11 2 14 3 0.01321776996240631
11 3 14 1 0
11 3 14 2 0.01321776996240631
11 3 14 3 -0.01294297620657385
11 1 20 1 -0.01294297620657385
11 1 20 2 -0.01321776996240631
11 1 20 3 0
11 2 20 1 -0.01321776996240631
11 2 20 2 -0.01294297620657385
11 2 20 3 0
11 3 20 1 0
11 3 20 2 0
11 3 20 3 0.001788302319238295
11 1 30 1 -0.01294297620657385
11 1 30 2 0.01321776996240631
11 1 30 3 0
11 2 30 1 0.01321776996240631
11 2 30 2 -0.01294297620657385
11 2 30 3 0
11 3 30 1 0
11 3 30 2 0
11 3 30 3 0.001788302319238295
11 1 8 1 -0.01294297620657385
11 1 8 2 0.01321776996240631
11 1 8 3 0
11 2 8 1 0.01321776996240631
11 2 8 2 -0.01294297620657385
11 2 8 3 0
11 3 8 1 0
11 3 8 2 0
11 3 8 3 0.001788302319238295
11 1 21 1 -0.01294297620657385
11 1 21 2 -0.01321776996240631
11 1 21 3 0
11 2 21 1 -0.01321776996240631
11 2 21 2 -0.01294297620657385
11 2 21 3 0
11 3 21 1 0
11 3 21 2 0
11 3 21 3 0.001788302319238295
11 1 16 1 0.001788302319238295
11 1 16 2 0
11 1 16 3 0
11 2 16 1 0
11 2 16 2 -0.01294297620657385
11 2 16 3 0.01321776996240631
11 3 16 1 0
11 3 16 2 0.01321776996240631
11 3 16 3 -0.01294297620657385
11 1 1 1 -0.01294297620657385
11 1 1 2 0
11 1 1 3 0.01321776996240631
11 2 1 1 0
11 2 1 2 0.001788302319238295
11 2 1 3 0
11 3 1 1 0.01321776996240631
11 3 1 2 0
11 3 1 3 -0.01294297620657385
11 1 6 1 -0.01294297620657385
11 1 6 2 0
11 1 6 3 -0.01321776996240631
11 2 6 1 0
11 2 6 2 0.001788302319238295
11 2 6 3 0
11 3 6 1 -0.01321776996240631
11 3 6 2 0
11 3 6 3 -0.01294297620657385
11 1 4 1 0.001788302319238295
11 1 4 2 0
11 1 4 3 0
11 2 4 1 0
11 2 4 2 -0.01294297620657385
11 2 4 3 -0.01321776996240631
11 3 4 1 0
11 3 4 2 -0.01321776996240631
11 3 4 3 -0.01294297620657385
24 1 32 1 0.001788302319238295
24 1 32 2 0
24 1 32 3 0
24 2 32 1 0
24 2 32 2 -0.01294297620657385
24 2 32 3 -0.01321776996240631
24 3 32 1 0
24 3 32 2 -0.01321776996240631
24 3 32 3 -0.01294297620657385
24 1 18 1 -0.01294297620657385
24 1 18 2 0
24 1 18 3 -0.01321776996240631
24 2 18 1 0
24 2 18 2 0.001788302319238295
24 2 18 3 0
24 3 18 1 -0.01321776996240631
24 3 18 2 0
24 3 18 3 -0.01294297620657385
24 1 5 1 -0.01294297620657385
24 1 5 2 0
24 1 5 3 0.01321776996240631
24 2 5 1 0
24 2 5 2 0.001788302319238295
24 2 5 3 0
24 3 5 1 0.01321776996240631
24 3 5 2 0
24 3 5 3 -0.01294297620657385
24 1 27 1 0.001788302319238295
24 1 27 2 0
24 1 27 3 0
24 2 27 1 0
24 2 27 2 -0.01294297620657385
24 2 27 3 0.01321776996240631
24 3 27 1 0
24 3 27 2 0.01321776996240631
24 3 27 3 -0.01294297620657385
24 1 30 1 -0.01294297620657385
24 1 30 2 -0.01321776996240631
24 1 30 3 0
24 2 30 1 -0.01321776996240631
24 2 30 2 -0.01294297620657385
24 2 30 3 0
24 3 30 1 0
24 3 30 2 0
24 3 30 3 0.001788302319238295
24 1 20 1 -0.01294297620657385
24 1 20 2 0.01321776996240631
24 1 20 3 0
24 2 20 1 0.01321776996240631
24 2 20 2 -0.01294297620657385
24 2 20 3 0
24 3 20 1 0
24 3 20 2 0
24 3 20 3 0.001788302319238295
24 1 21 1 -0.01294297620657385
24 1 21 2 0.01321776996240631
24 1 21 3 0
24 2 21 1 0.01321776996240631
24 2 21 2 -0.01294297620657385
24 2 21 3 0
24 3 21 1 0
24 3 21 2 0
24 3 21 3 0.001788302319238295
24 1 8 1 -0.01294297620657385
24 1 8 2 -0.01321776996240631
24 1 8 3 0
24 2 8 1 -0.01321776996240631
24 2 8 2 -0.01294297620657385
24 2 8 3 0
24 3 8 1 0
24 3 8 2 0
24 3 8 3 0.001788302319238295
24 1 28 1 0.001788302319238295
24 1 28 2 0
24 1 28 3 0
24 2 28 1 0
24 2 28 2 -0.01294297620657385
24 2 28 3 0.01321776996240631
24 3 28 1 0
24 3 28 2 0.01321776996240631
24 3 28 3 -0.01294297620657385
24 1 6 1 -0.01294297620657385
24 1 6 2 0
24 1 6 3 0.01321776996240631
24 2 6 1 0
24 2 6 2 0.001788302319238295
24 2 6 3 0
24 3 6 1 0.01321776996240631
24 3 6 2 0
24 3 6 3 -0.01294297620657385
24 1 1 1 -0.01294297620657385
24 1 1 2 0
24 1 1 3 -0.01321776996240631
24 2 1 1 0
24 2 1 2 0.001788302319238295
24 2 1 3 0
24 3 1 1 -0.01321776996240631
24 3 1 2 0
24 3 1 3 -0.01294297620657385
24 1 15 1 0.001788302319238295
24 1 15 2 0
24 1 15 3 0
24 2 15 1 0
24 2 15 2 -0.01294297620657385
24 2 15 3 -0.01321776996240631
24 3 15 1 0
24 3 15 2 -0.01321776996240631
24 3 15 3 -0.01294297620657385
8 1 5 1 0.001788302319238295
8 1 5 2 0
8 1 5 3 0
8 2 5 1 0
8 2 5 2 -0.01294297620657385
8 2 5 3 -0.01321776996240631
8 3 5 1 0
8 3 5 2 -0.01321776996240631
8 3 5 3 -0.01294297620657385
8 1 27 1 -0.01294297620657385
8 1 27 2 0
8 1 27 3 -0.01321776996240631
8 2 27 1 0
8 2 27 2 0.001788302319238295
8 2 27 3 0
8 3 27 1 -0.01321776996240631
8 3 27 2 0
8 3 27 3 -0.01294297620657385
8 1 14 1 -0.01294297620657385
8 1 14 2 0
8 1 14 3 0.01321776996240631
8 2 14 1 0
8 2 14 2 0.001788302319238295
8 2 14 3 0
8 3 14 1 0.01321776996240631
8 3 14 2 0
8 3 14 3 -0.01294297620657385
8 1 17 1 0.001788302319238295
8 1 17 2 0
8 1 17 3 0
8 2 17 1 0
8 2 17 2 -0.01294297620657385
8 2 17 3 0.01321776996240631
8 3 17 1 0
8 3 17 2 0.01321776996240631
8 3 17 3 -0.01294297620657385
8 1 24 1 -0.01294297620657385
8 1 24 2 -0.01321776996240631
8 1 24 3 0
8 2 24 1 -0.01321776996240631
8 2 24 2 -0.01294297620657385
8 2 24 3 0
8 3 24 1 0
8 3 24 2 0
8 3 24 3 0.001788302319238295
8 1 11 1 -0.01294297620657385
8 1 11 2 0.01321776996240631
8 1 11 3 0
8 2 11 1 0.01321776996240631
8 2 11 2 -0.01294297620657385
8 2 11 3 0
8 3 11 1 0
8 3 11 2 0
8 3 11 3 0.001788302319238295
8 1 31 1 -0.01294297620657385
8 1 31 2 0.01321776996240631
8 1 31 3 0
8 2 31 1 0.01321776996240631
8 2 31 2 -0.01294297620657385
8 2 31 3 0
8 3 31 1 0
8 3 31 2 0
8 3 31 3 0.001788302319238295
8 1 23 1 -0.01294297620657385
8 1 23 2 -0.01321776996240631
8 1 23 3 0
8 2 23 1 -0.01321776996240631
8 2 23 2 -0.01294297620657385
8 2 23 3 0
8 3 23 1 0
8 3 23 2 0
8 3 23 3 0.001788302319238295
8 1 1 1 0.001788302319238295
8 1 1 2 0
8 1 1 3 0
8 2 1 1 0
8 2 1 2 -0.01294297620657385
8 2 1 3 0.01321776996240631
8 3 1 1 0
8 3 1 2 0.01321776996240631
8 3 1 3 -0.01294297620657385
8 1 15 1 -0.01294297620657385
8 1 15 2 0
8 1 15 3 0.01321776996240631
8 2 15 1 0
8 2 15 2 0.001788302319238295
8 2 15 3 0
8 3 15 1 0.01321776996240631
8 3 15 2 0
8 3 15 3 -0.01294297620657385
8 1 4 1 -0.01294297620657385
8 1 4 2 0
8 1 4 3 -0.01321776996240631
8 2 4 1 0
8 2 4 2 0.001788302319238295
8 2 4 3 0
8 3 4 1 -0.01321776996240631
8 3 4 2 0
8 3 4 3 -0.01294297620657385
8 1 7 1 0.001788302319238295
8 1 7 2 0
8 1 7 3 0
8 2 7 1 0
8 2 7 2 -0.01294297620657385
8 2 7 3 -0.01321776996240631
8 3 7 1 0
8 3 7 2 -0.01321776996240631
8 3 7 3 -0.01294297620657385
21 1 18 1 0.001788302319238295
21 1 18 2 0
21 1 18 3 0
21 2 18 1 0
21 2 18 2 -0.01294297620657385
21 2 18 3 -0.01321776996240631
21 3 18 1 0
21 3 18 2 -0.01321776996240631
21 3 18 3 -0.01294297620657385
21 1 14 1 -0.01294297620657385
21 1 14 2 0
21 1 14 3 -0.01321776996240631
21 2 14 1 0
21 2 14 2 0.001788302319238295
21 2 14 3 0
21 3 14 1 -0.01321776996240631
21 3 14 2 0
21 3 14 3 -0.01294297620657385
21 1 27 1 -0.01294297620657385
21 1 27 2 0
21 1 27 3 0.01321776996240631
21 2 27 1 0
21 2 27 2 0.001788302319238295
21 2 27 3 0
21 3 27 1 0.01321776996240631
21 3 27 2 0
21 3 27 3 -0.01294297620657385
21 1 29 1 0.001788302319238295
21 1 29 2 0
21 1 29 3 0
21 2 29 1 0
21 2 29 2 -0.01294297620657385
21 2 29 3 0.01321776996240631
21 3 29 1 0
21 3 29 2 0.01321776996240631
21 3 29 3 -0.01294297620657385
21 1 11 1 -0.01294297620657385
21 1 11 2 -0.01321776996240631
21 1 11 3 0
21 2 11 1 -0.01321776996240631
21 2 11 2 -0.01294297620657385
21 2 11 3 0
21 3 11 1 0
21 3 11 2 0
21 3 11 3 0.001788302319238295
21 1 24 1 -0.01294297620657385
21 1 24 2 0.01321776996240631
21 1 24 3 0
21 2 24 1 0.01321776996240631
21 2 24 2 -0.01294297620657385
21 2 24 3 0
21 3 24 1 0
21 3 24 2 0
21 3 24 3 0.001788302319238295
21 1 23 1 -0.01294297620657385
21 1 23 2 0.01321776996240631
21 1 23 3 0
21 2 23 1 0.01321776996240631
21 2 23 2 -0.01294297620657385
21 2 23 3 0
21 3 23 1 0
21 3 23 2 0
21 3 23 3 0.001788302319238295
21 1 31 1 -0.01294297620657385
21 1 31 2 -0.01321776996240631
21 1 31 3 0
21 2 31 1 -0.01321776996240631
21 2 31 2 -0.01294297620657385
21 2 31 3 0
21 3 31 1 0
21 3 31 2 0
21 3 31 3 0.001788302319238295
21 1 6 1 0.001788302319238295
21 1 6 2 0
21 1 6 3 0
21 2 6 1 0
21 2 6 2 -0.01294297620657385
21 2 6 3 0.01321776996240631
21 3 6 1 0
21 3 6 2 0.01321776996240631
21 3 6 3 -0.01294297620657385
21 1 4 1 -0.01294297620657385
21 1 4 2 0
21 1 4 3 0.01321776996240631
21 2 4 1 0
21 2 4 2 0.001788302319238295
21 2 4 3 0
21 3 4 1 0.01321776996240631
21 3 4 2 0
21 3 4 3 -0.01294297620657385
21 1 15 1 -0.01294297620657385
21 1 15 2 0
21 1 15 3 -0.01321776996240631
21 2 15 1 0
21 2 15 2 0.001788302319238295
21 2 15 3 0
21 3 15 1 -0.01321776996240631
21 3 15 2 0
21 3 15 3 -0.01294297620657385
21 1 19 1 0.001788302319238295
21 1 19 2 0
21 1 19 3 0
21 2 19 1 0
21 2 19 2 -0.01294297620657385
21 2 19 3 -0.01321776996240631
21 3 19 1 0
21 3 19 2 -0.01321776996240631
21 3 19 3 -0.01294297620657385
23 1 14 1 0.001788302319238295
23 1 14 2 0
23 1 14 3 0
23 2 14 1 0
23 2 14 2 -0.01294297620657385
23 2 14 3 -0.01321776996240631
23 3 14 1 0
23 3 14 2 -0.01321776996240631
23 3 14 3 -0.01294297620657385
23 1 17 1 -0.01294297620657385
23 1 17 2 0
23 1 17 3 -0.01321776996240631
23 2 17 1 0
23 2 17 2 0.001788302319238295
23 2 17 3 0
23 3 17 1 -0.01321776996240631
23 3 17 2 0
23 3 17 3 -0.01294297620657385
23 1 29 1 -0.01294297620657385
23 1 29 2 0
23 1 29 3 0.01321776996240631
23 2 29 1 0
23 2 29 2 0.001788302319238295
23 2 29 3 0
23 3 29 1 0.01321776996240631
23 3 29 2 0
23 3 29 3 -0.01294297620657385
23 1 26 1 0.001788302319238295
23 1 26 2 0
23 1 26 3 0
23 2 26 1 0
23 2 26 2 -0.01294297620657385
23 2 26 3 0.01321776996240631
23 3 26 1 0
23 3 26 2 0.01321776996240631
23 3 26 3 -0.01294297620657385
23 1 8 1 -0.01294297620657385
23 1 8 2 -0.01321776996240631
23 1 8 3 0
23 2 8 1 -0.01321776996240631
23 2 8 2 -0.01294297620657385
23 2 8 3 0
23 3 8 1 0
23 3 8 2 0
23 3 8 3 0.001788302319238295
23 1 21 1 -0.01294297620657385
23 1 21 2 0.01321776996240631
23 1 21 3 0
23 2 21 1 0.01321776996240631
23 2 21 2 -0.01294297620657385
23 2 21 3 0
23 3 21 1 0
23 3 21 2 0
23 3 21 3 0.001788302319238295
23 1 20 1 -0.01294297620657385
23 1 20 2 0.01321776996240631
23 1 20 3 0
23 2 20 1 0.01321776996240631
23 2 20 2 -0.01294297620657385
23 2 20 3 0
23 3 20 1 0
23 3 20 2 0
23 3 20 3 0.001788302319238295
23 1 30 1 -0.01294297620657385
23 1 30 2 -0.01321776996240631
23 1 30 3 0
23 2 30 1 -0.01321776996240631
23 2 30 2 -0.01294297620657385
23 2 30 3 0
23 3 30 1 0
23 3 30 2 0
23 3 30 3 0.001788302319238295
23 1 4 1 0.001788302319238295
23 1 4 2 0
23 1 4 3 0
23 2 4 1 0
23 2 4 2 -0.01294297620657385
23 2 4 3 0.01321776996240631
23 3 4 1 0
23 3 4 2 0.01321776996240631
23 3 4 3 -0.01294297620657385
23 1 7 1 -0.01294297620657385
23 1 7 2 0
23 1 7 3 0.01321776996240631
23 2 7 1 0
23 2 7 2 0.001788302319238295
23 2 7 3 0
23 3 7 1 0.01321776996240631
23 3 7 2 0
23 3 7 3 -0.01294297620657385
23 1 19 1 -0.01294297620657385
23 1 19 2 0
23 1 19 3 -0.01321776996240631
23 2 19 1 0
23 2 19 2 0.001788302319238295
23 2 19 3 0
23 3 19 1 -0.01321776996240631
23 3 19 2 0
23 3 19 3 -0.01294297620657385
23 1 16 1 0.001788302319238295
23 1 16 2 0
23 1 16 3 0
23 2 16 1 0
23 2 16 2 -0.01294297620657385
23 2 16 3 -0.01321776996240631
23 3 16 1 0
23 3 16 2 -0.01321776996240631
23 3 16 3 -0.01294297620657385
31 1 27 1 0.001788302319238295
31 1 27 2 0
31 1 27 3 0
31 2 27 1 0
31 2 27 2 -0.01294297620657385
31 2 27 3 -0.01321776996240631
31 3 27 1 0
31 3 27 2 -0.01321776996240631
31 3 27 3 -0.01294297620657385
31 1 29 1 -0.01294297620657385
31 1 29 2 0
31 1 29 3 -0.01321776996240631
31 2 29 1 0
31 2 29 2 0.001788302319238295
31 2 29 3 0
31 3 29 1 -0.01321776996240631
31 3 29 2 0
31 3 29 3 -0.01294297620657385
31 1 17 1 -0.01294297620657385
31 1 17 2 0
31 1 17 3 0.01321776996240631
31 2 17 1 0
31 2 17 2 0.001788302319238295
31 2 17 3 0
31 3 17 1 0.01321776996240631
31 3 17 2 0
31 3 17 3 -0.01294297620657385
31 1 32 1 0.001788302319238295
31 1 32 2 0
31 1 32 3 0
31 2 32 1 0
31 2 32 2 -0.01294297620657385
31 2 32 3 0.01321776996240631
31 3 32 1 0
31 3 32 2 0.01321776996240631
31 3 32 3 -0.01294297620657385
31 1 21 1 -0.01294297620657385
31 1 21 2 -0.01321776996240631
31 1 21 3 0
31 2 21 1 -0.01321776996240631
31 2 21 2 -0.01294297620657385
31 2 21 3 0
31 3 21 1 0
31 3 21 2 0
31 3 21 3 0.001788302319238295
31 1 8 1 -0.01294297620657385
31 1 8 2 0.01321776996240631
31 1 8 3 0
31 2 8 1 0.01321776996240631
31 2 8 2 -0.01294297620657385
31 2 8 3 0
31 3 8 1 0
31 3 8 2 0
31 3 8 3 0.001788302319238295
31 1 30 1 -0.01294297620657385
31 1 30 2 0.01321776996240631
31 1 30 3 0
31 2 30 1 0.01321776996240631
31 2 30 2 -0.01294297620657385
31 2 30 3 0
31 3 30 1 0
31 3 30 2 0
31 3 30 3 0.001788302319238295
31 1 20 1 -0.01294297620657385
31 1 20 2 -0.01321776996240631
31 1 20 3 0
31 2 20 1 -0.01321776996240631
31 2 20 2 -0.01294297620657385
31 2 20 3 0
31 3 20 1 0
31 3 20 2 0
31 3 20 3 0.001788302319238295
31 1 15 1 0.001788302319238295
31 1 15 2 0
31 1 15 3 0
31 2 15 1 0
31 2 15 2 -0.01294297620657385
31 2 15 3 0.01321776996240631
31 3 15 1 0
31 3 15 2 0.01321776996240631
31 3 15 3 -0.01294297620657385
31 1 19 1 -0.01294297620657385
31 1 19 2 0
31 1 19 3 0.01321776996240631
31 2 19 1 0
31 2 19 2 0.001788302319238295
31 2 19 3 0
31 3 19 1 0.01321776996240631
31 3 19 2 0
31 3 19 3 -0.01294297620657385
31 1 7 1 -0.01294297620657385
31 1 7 2 0
31 1 7 3 -0.01321776996240631
31 2 7 1 0
31 2 7 2 0.001788302319238295
31 2 7 3 0
31 3 7 1 -0.01321776996240631
31 3 7 2 0
31 3 7 3 -0.01294297620657385
31 1 28 1 0.001788302319238295
31 1 28 2 0
31 1 28 3 0
31 2 28 1 0
31 2 28 2 -0.01294297620657385
31 2 28 3 -0.01321776996240631
31 3 28 1 0
31 3 28 2 -0.01321776996240631
31 3 28 3 -0.01294297620657385
20 1 17 1 0.001788302319238295
20 1 17 2 0
20 1 17 3 0
20 2 17 1 0
20 2 17 2 -0.01294297620657385
20 2 17 3 -0.01321776996240631
20 3 17 1 0
20 3 17 2 -0.01321776996240631
20 3 17 3 -0.01294297620657385
20 1 32 1 -0.01294297620657385
20 1 32 2 0
20 1 32 3 -0.01321776996240631
20 2 32 1 0
20 2 32 2 0.001788302319238295
20 2 32 3 0
20 3 32 1 -0.01321776996240631
20 3 32 2 0
20 3 32 3 -0.01294297620657385
20 1 26 1 -0.01294297620657385
20 1 26 2 0
20 1 26 3 0.01321776996240631
20 2 26 1 0
20 2 26 2 0.001788302319238295
20 2 26 3 0
20 3 26 1 0.01321776996240631
20 3 26 2 0
20 3 26 3 -0.01294297620657385
20 1 5 1 0.001788302319238295
20 1 5 2 0
20 1 5 3 0
20 2 5 1 0
20 2 5 2 -0.01294297620657385
20 2 5 3 0.01321776996240631
20 3 5 1 0
20 3 5 2 0.01321776996240631
20 3 5 3 -0.01294297620657385
20 1 31 1 -0.01294297620657385
20 1 31 2 -0.01321776996240631
20 1 31 3 0
20 2 31 1 -0.01321776996240631
20 2 31 2 -0.01294297620657385
20 2 31 3 0
20 3 31 1 0
20 3 31 2 0
20 3 31 3 0.001788302319238295
20 1 23 1 -0.01294297620657385
20 1 23 2 0.01321776996240631
20 1 23 3 0
20 2 23 1 0.01321776996240631
20 2 23 2 -0.01294297620657385
20 2 23 3 0
20 3 23 1 0
20 3 23 2 0
20 3 23 3 0.001788302319238295
20 1 24 1 -0.01294297620657385
20 1 24 2 0.01321776996240631
20 1 24 3 0
20 2 24 1 0.01321776996240631
20 2 24 2 -0.01294297620657385
20 2 24 3 0
20 3 24 1 0
20 3 24 2 0
20 3 24 3 0.001788302319238295
20 1 11 1 -0.01294297620657385
20 1 11 2 -0.01321776996240631
20 1 11 3 0
20 2 11 1 -0.01321776996240631
20 2 11 2 -0.01294297620657385
20 2 11 3 0
20 3 11 1 0
20 3 11 2 0
20 3 11 3 0.001788302319238295
20 1 7 1 0.001788302319238295
20 1 7 2 0
20 1 7 3 0
20 2 7 1 0
20 2 7 2 -0.01294297620657385
20 2 7 3 0.01321776996240631
20 3 7 1 0
20 3 7 2 0.01321776996240631
20 3 7 3 -0.01294297620657385
20 1 28 1 -0.01294297620657385
20 1 28 2 0
20 1 28 3 0.01321776996240631
20 2 28 1 0
20 2 28 2 0.001788302319238295
20 2 28 3 0
20 3 28 1 0.01321776996240631
20 3 28 2 0
20 3 28 3 -0.01294297620657385
20 1 16 1 -0.01294297620657385
20 1 16 2 0
20 1 16 3 -0.01321776996240631
20 2 16 1 0
20 2 16 2 0.001788302319238295
20 2 16 3 0
20 3 16 1 -0.01321776996240631
20 3 16 2 0
20 3 16 3 -0.01294297620657385
20 1 1 1 0.001788302319238295
20 1 1 2 0
20 1 1 3 0
20 2 1 1 0
20 2 1 2 -0.01294297620657385
20 2 1 3 -0.01321776996240631
20 3 1 1 0
20 3 1 2 -0.01321776996240631
20 3 1 3 -0.01294297620657385
30 1 29 1 0.001788302319238295
30 1 29 2 0
30 1 29 3 0
30 2 29 1 0
30 2 29 2 -0.01294297620657385
30 2 29 3 -0.01321776996240631
30 3 29 1 0
30 3 29 2 -0.01321776996240631
30 3 29 3 -0.01294297620657385
30 1 26 1 -0.01294297620657385
30 1 26 2 0
30 1 26 3 -0.01321776996240631
30 2 26 1 0
30 2 26 2 0.001788302319238295
30 2 26 3 0
30 3 26 1 -0.01321776996240631
30 3 26 2 0
30 3 26 3 -0.01294297620657385
30 1 32 1 -0.01294297620657385
30 1 32 2 0
30 1 32 3 0.01321776996240631
30 2 32 1 0
30 2 32 2 0.001788302319238295
30 2 32 3 0
30 3 32 1 0.01321776996240631
30 3 32 2 0
30 3 32 3 -0.01294297620657385
30 1 18 1 0.001788302319238295
30 1 18 2 0
30 1 18 3 0
30 2 18 1 0
30 2 18 2 -0.01294297620657385
30 2 18 3 0.01321776996240631
30 3 18 1 0
30 3 18 2 0.01321776996240631
30 3 18 3 -0.01294297620657385
30 1 23 1 -0.01294297620657385
30 1 23 2 -0.01321776996240631
30 1 23 3 0
30 2 23 1 -0.01321776996240631
30 2 23 2 -0.01294297620657385
30 2 23 3 0
30 3 23 1 0
30 3 23 2 0
30 3 23 3 0.001788302319238295
30 1 31 1 -0.01294297620657385
30 1 31 2 0.01321776996240631
30 1 31 3 0
30 2 31 1 0.01321776996240631
30 2 31 2 -0.01294297620657385
30 2 31 3 0
30 3 31 1 0
30 3 31 2 0
30 3 31 3 0.001788302319238295
30 1 11 1 -0.01294297620657385
30 1 11 2 0.01321776996240631
30 1 11 3 0
30 2 11 1 0.01321776996240631
30 2 11 2 -0.01294297620657385
30 2 11 3 0
30 3 11 1 0
30 3 11 2 0
30 3 11 3 0.001788302319238295
30 1 24 1 -0.01294297620657385
30 1 24 2 -0.01321776996240631
30 1 24 3 0
30 2 24 1 -0.01321776996240631
30 2 24 2 -0.01294297620657385
30 2 24 3 0
30 3 24 1 0
30 3 24 2 0
30 3 24 3 0.001788302319238295
30 1 19 1 0.001788302319238295
30 1 19 2 0
30 1 19 3 0
30 2 19 1 0
30 2 19 2 -0.01294297620657385
30 2 19 3 0.01321776996240631
30 3 19 1 0
30 3 19 2 0.01321776996240631
30 3 19 3 -0.01294297620657385
30 1 16 1 -0.01294297620657385
30 1 16 2 0
30 1 16 3 0.01321776996240631
30 2 16 1 0
30 2 16 2 0.001788302319238295
30 2 16 3 0
30 3 16 1 0.01321776996240631
30 3 16 2 0
30 3 16 3 -0.01294297620657385
30 1 28 1 -0.01294297620657385
30 1 28 2 0
30 1 28 3 -0.01321776996240631
30 2 28 1 0
30 2 28 2 0.001788302319238295
30 2 28 3 0
30 3 28 1 -0.01321776996240631
30 3 28 2 0
30 3 28 3 -0.01294297620657385
30 1 6 1 0.001788302319238295
30 1 6 2 0
30 1 6 3 0
30 2 6 1 0
30 2 6 2 -0.01294297620657385
30 2 6 3 -0.01321776996240631
30 3 6 1 0
30 3 6 2 -0.01321776996240631
30 3 6 3 -0.01294297620657385
