0.0000000000000000000E+00	0.0000000000000000000E+00	0.0000000000000000000E+00
1.3683125000000000000E+00	1.3683125000000000000E+00	1.3683125000000000000E+00
5.4732500000000000000E+00	0.0000000000000000000E+00	0.0000000000000000000E+00
6.8415625000000000000E+00	1.3683125000000000000E+00	1.3683125000000000000E+00
2.7366250000000000000E+00	2.7366250000000000000E+00	0.0000000000000000000E+00
4.1049375000000000000E+00	4.1049375000000000000E+00	1.3683125000000000000E+00
8.2098750000000000000E+00	2.7366250000000000000E+00	0.0000000000000000000E+00
9.5781875000000000000E+00	4.1049375000000000000E+00	1.3683125000000000000E+00
0.0000000000000000000E+00	5.4732500000000000000E+00	0.0000000000000000000E+00
1.3683125000000000000E+00	6.8415625000000000000E+00	1.3683125000000000000E+00
5.4732500000000000000E+00	5.4732500000000000000E+00	0.0000000000000000000E+00
6.8415625000000000000E+00	6.8415625000000000000E+00	1.3683125000000000000E+00
2.7366250000000000000E+00	8.2098750000000000000E+00	0.0000000000000000000E+00
4.1049375000000000000E+00	9.5781875000000000000E+00	1.3683125000000000000E+00
8.2098750000000000000E+00	8.2098750000000000000E+00	0.0000000000000000000E+00
9.5781875000000000000E+00	9.5781875000000000000E+00	1.3683125000000000000E+00
2.7366250000000000000E+00	0.0000000000000000000E+00	2.7366250000000000000E+00
4.1049375000000000000E+00	1.3683125000000000000E+00	4.1049375000000000000E+00
8.2098750000000000000E+00	0.0000000000000000000E+00	2.7366250000000000000E+00
9.5781875000000000000E+00	1.3683125000000000000E+00	4.1049375000000000000E+00
0.0000000000000000000E+00	2.7366250000000000000E+00	2.7366250000000000000E+00
1.3683125000000000000E+00	4.1049375000000000000E+00	4.1049375000000000000E+00
5.4732500000000000000E+00	2.7366250000000000000E+00	2.7366250000000000000E+00
6.8415625000000000000E+00	4.1049375000000000000E+00	4.1049375000000000000E+00
2.7366250000000000000E+00	5.4732500000000000000E+00	2.7366250000000000000E+00
4.1049375000000000000E+00	6.8415625000000000000E+00	4.1049375000000000000E+00
8.2098750000000000000E+00	5.4732500000000000000E+00	2.7366250000000000000E+00
9.5781875000000000000E+00	6.8415625000000000000E+00	4.1049375000000000000E+00
0.0000000000000000000E+00	8.2098750000000000000E+00	2.7366250000000000000E+00
1.3683125000000000000E+00	9.5781875000000000000E+00	4.1049375000000000000E+00
5.4732500000000000000E+00	8.2098750000000000000E+00	2.7366250000000000000E+00
6.8415625000000000000E+00	9.5781875000000000000E+00	4.1049375000000000000E+00
0.0000000000000000000E+00	0.0000000000000000000E+00	5.4732500000000000000E+00
1.3683125000000000000E+00	1.3683125000000000000E+00	6.8415625000000000000E+00
5.4732500000000000000E+00	0.0000000000000000000E+00	5.4732500000000000000E+00
6.8415625000000000000E+00	1.3683125000000000000E+00	6.8415625000000000000E+00
2.7366250000000000000E+00	2.7366250000000000000E+00	5.4732500000000000000E+00
4.1049375000000000000E+00	4.1049375000000000000E+00	6.8415625000000000000E+00
8.2098750000000000000E+00	2.7366250000000000000E+00	5.4732500000000000000E+00
9.5781875000000000000E+00	4.1049375000000000000E+00	6.8415625000000000000E+00
0.0000000000000000000E+00	5.4732500000000000000E+00	5.4732500000000000000E+00
1.3683125000000000000E+00	6.8415625000000000000E+00	6.8415625000000000000E+00
5.4732500000000000000E+00	5.4732500000000000000E+00	5.4732500000000000000E+00
6.8415625000000000000E+00	6.8415625000000000000E+00	6.8415625000000000000E+00
2.7366250000000000000E+00	8.2098750000000000000E+00	5.4732500000000000000E+00
4.1049375000000000000E+00	9.5781875000000000000E+00	6.8415625000000000000E+00
8.2098750000000000000E+00	8.2098750000000000000E+00	5.4732500000000000000E+00
9.5781875000000000000E+00	9.5781875000000000000E+00	6.8415625000000000000E+00
2.7366250000000000000E+00	0.0000000000000000000E+00	8.2098750000000000000E+00
4.1049375000000000000E+00	1.3683125000000000000E+00	9.5781875000000000000E+00
8.2098750000000000000E+00	0.0000000000000000000E+00	8.2098750000000000000E+00
9.5781875000000000000E+00	1.3683125000000000000E+00	9.5781875000000000000E+00
0.0000000000000000000E+00	2.7366250000000000000E+00	8.2098750000000000000E+00
1.3683125000000000000E+00	4.1049375000000000000E+00	9.5781875000000000000E+00
5.4732500000000000000E+00	2.7366250000000000000E+00	8.2098750000000000000E+00
6.8415625000000000000E+00	4.1049375000000000000E+00	9.5781875000000000000E+00
2.7366250000000000000E+00	5.4732500000000000000E+00	8.2098750000000000000E+00
4.1049375000000000000E+00	6.8415625000000000000E+00	9.5781875000000000000E+00
8.2098750000000000000E+00	5.4732500000000000000E+00	8.2098750000000000000E+00
9.5781875000000000000E+00	6.8415625000000000000E+00	9.5781875000000000000E+00
0.0000000000000000000E+00	8.2098750000000000000E+00	8.2098750000000000000E+00
1.3683125000000000000E+00	9.5781875000000000000E+00	9.5781875000000000000E+00
5.4732500000000000000E+00	8.2098750000000000000E+00	8.2098750000000000000E+00
6.8415625000000000000E+00	9.5781875000000000000E+00	9.5781875000000000000E+00

